15
100 5 
42 41 523 215 819 551 69 193 582 375 367 478 162 898 550 553 298 577 493 183 260 224 852 394 958 282 402 604 164 308 218 61 273 772 191 117 276 877 415 873 902 465 320 870 244 781 86 622 665 155 680 101 665 227 597 354 597 79 162 998 849 136 112 751 735 884 71 449 266 420 797 945 746 46 44 545 882 72 383 714 987 183 731 301 718 91 109 567 708 507 983 808 766 615 554 282 995 946 651 298 
509 883 229 569 706 639 114 727 491 481 681 948 687 941 350 253 573 40 124 384 660 951 739 329 146 593 658 816 638 717 779 289 430 851 937 289 159 260 930 248 656 833 892 60 278 741 297 967 86 249 354 614 836 290 893 857 158 869 206 504 799 758 431 580 780 788 583 641 32 653 252 709 129 368 440 314 287 854 460 594 512 239 719 751 708 670 269 832 137 356 960 651 398 893 407 477 552 805 881 850 
806 361 199 781 596 669 957 358 259 888 319 751 275 177 883 749 229 265 282 694 819 77 190 551 140 442 867 283 137 359 445 58 440 192 485 744 844 969 50 833 57 877 482 732 968 113 486 710 439 747 174 260 877 474 841 422 280 684 330 910 791 322 404 403 519 148 948 414 894 147 73 297 97 651 380 67 582 973 143 732 624 518 847 113 382 97 905 398 859 4 142 110 11 213 398 173 106 331 254 447 
404 197 817 1000 44 307 39 659 46 334 448 599 931 776 263 980 807 378 278 841 700 210 542 636 388 129 203 110 817 502 657 804 662 989 585 645 113 436 610 948 919 115 967 13 445 449 740 592 327 167 368 335 179 909 825 614 987 350 179 415 821 525 774 283 427 275 659 392 73 896 68 982 697 421 246 672 649 731 191 514 983 886 95 846 689 206 417 14 735 267 822 977 302 687 118 990 323 993 525 322 
475 36 287 577 45 700 803 654 196 844 657 387 518 143 515 335 942 701 332 803 265 922 908 139 995 845 487 100 447 653 649 738 424 475 425 926 795 47 136 801 904 740 768 460 76 660 500 915 897 25 716 557 72 696 653 933 420 582 810 861 758 647 237 631 271 91 75 756 409 440 483 336 765 637 981 980 202 35 594 689 602 76 767 693 893 160 785 311 417 748 375 362 617 553 474 915 457 261 350 635 
11927 13727 11551 13056 13460 
556 125 736 557 301 6 111 16 704 952 408 492 163 938 315 949 670 1000 457 816 357 495 916 852 614 161 60 382 373 570 182 934 129 542 767 964 896 350 178 557 975 70 226 356 404 79 833 616 575 987 340 794 321 337 580 920 425 170 955 581 739 622 473 789 946 499 666 546 630 997 462 750 841 795 2 522 778 42 714 645 855 396 768 392 141 544 847 263 325 227 765 128 10 973 162 743 208 223 981 143 
413 794 494 821 348 961 63 962 799 242 352 337 111 559 889 595 914 576 312 323 153 888 287 627 888 634 424 365 374 85 650 265 711 204 816 595 111 707 774 138 687 131 279 775 191 217 181 750 890 776 484 655 662 662 995 248 718 321 533 391 81 253 879 540 959 118 989 781 678 787 424 721 623 833 986 141 66 983 449 654 458 675 515 718 486 881 726 386 796 229 398 335 624 283 182 589 153 945 272 849 
907 447 158 840 440 413 75 682 936 933 753 47 488 649 475 88 464 50 485 672 254 171 548 202 227 673 888 176 82 811 292 522 717 592 235 398 519 987 937 12 599 414 362 818 998 654 32 469 618 781 944 499 860 216 499 695 231 776 121 703 876 260 938 643 746 967 360 630 46 555 818 52 6 331 24 328 749 206 906 346 104 415 680 187 220 255 122 51 231 536 897 727 782 113 947 206 566 738 733 891 
547 399 669 818 623 164 859 960 509 365 351 949 25 197 264 678 581 500 285 422 802 200 287 968 674 379 733 455 956 967 829 154 902 240 70 212 878 160 900 594 582 365 49 368 156 68 99 554 145 319 303 423 257 348 915 905 684 562 217 471 532 334 601 729 566 886 824 253 606 618 418 217 153 725 701 451 402 372 820 111 770 205 698 976 370 449 378 633 566 240 13 689 385 319 341 863 462 630 91 525 
599 63 627 495 55 314 599 374 472 554 946 583 359 675 87 563 150 661 58 523 885 946 125 544 318 593 647 299 47 898 462 502 572 556 361 385 464 105 533 83 1 112 323 14 581 291 159 108 702 454 251 385 537 337 675 787 970 822 528 782 29 81 430 957 599 52 314 180 877 28 115 483 451 434 494 849 212 520 178 354 251 72 770 806 580 97 80 821 379 635 508 988 748 542 41 451 87 107 658 636 
13162 13388 12431 12309 10949 
835 1102 631 868 1206 1618 1314 1427 768 381 1210 1253 1487 452 1251 686 686 146 735 616 955 1045 908 620 650 1065 1239 1127 855 940 1511 325 1078 1058 892 384 587 1066 1390 1026 534 1321 1218 1059 934 1370 695 1134 827 482 956 427 1017 993 948 510 945 1074 264 1137 789 705 923 774 747 996 875 852 792 387 1047 920 699 539 1149 1136 712 1577 655 1167 993 747 828 1175 1534 714 734 1109 1263 945 841 1351 1440 606 1116 848 1229 1512 526 1380 
980 792 860 568 1025 1127 1229 1003 519 1011 1160 966 1416 790 824 745 482 241 622 638 1051 733 697 700 767 1168 1128 766 954 977 1003 514 645 1384 593 482 796 1055 885 1304 566 1175 1374 576 1173 1035 758 914 571 342 806 378 768 1133 632 960 859 1344 476 1055 1182 1008 370 524 522 1119 561 805 678 513 605 901 684 474 906 834 926 673 758 698 864 729 978 683 987 548 394 1174 797 1132 985 1388 785 617 1030 742 1160 774 752 1047 
322 797 433 771 725 612 753 329 273 661 788 921 1114 470 767 711 523 242 388 820 696 655 728 656 615 804 779 822 948 320 549 381 703 874 548 552 430 677 377 1330 603 829 949 789 524 1042 629 831 506 201 563 319 540 943 466 334 774 792 638 666 1092 641 420 469 380 743 492 449 562 716 527 1045 765 507 594 602 652 715 584 848 1092 920 344 681 953 205 736 582 556 561 899 574 631 853 678 542 835 839 591 341 
248 494 15 272 202 999 291 739 49 24 340 307 690 101 638 23 66 -161 263 109 541 431 14 9 290 561 856 373 381 262 499 -193 410 609 72 -85 -345 257 314 411 196 943 709 307 408 780 62 276 164 -633 409 -195 281 572 240 -277 286 614 -157 383 383 272 92 -122 9 285 218 87 -253 -355 224 366 -163 37 470 125 115 812 33 375 1 106 276 236 543 -84 -173 618 334 543 309 464 456 52 604 -154 495 859 -266 646 
-86 289 276 -8 126 113 312 420 -167 259 396 624 724 -42 317 114 -106 -47 256 237 742 224 335 121 -73 269 351 117 -1 404 596 101 -4 541 -195 118 -30 351 414 794 333 902 471 -71 253 550 230 161 -73 -168 364 -139 137 317 -56 278 306 489 -339 406 881 180 145 233 -111 513 -77 146 -261 -123 388 -48 -73 -81 332 428 434 514 168 -74 404 193 -55 349 601 -145 92 288 474 335 559 606 406 169 623 345 531 227 -21 418 
-191 -237 -183 -1 544 316 554 -35 -195 -123 -8 298 640 443 478 298 -97 258 -10 -113 -144 365 585 -204 -171 -127 -30 391 298 -34 360 -64 -141 -1 477 406 322 -59 -126 539 589 774 763 360 322 775 319 296 -84 -90 339 -229 -122 345 -168 370 -61 -95 -209 -15 509 532 -87 -103 -35 355 -92 508 -159 298 -222 314 -24 255 -11 415 378 274 -38 380 351 -148 -135 -185 786 -21 -97 414 450 483 -59 -240 -29 622 490 363 425 510 -128 -69 
100 5 
523 940 933 411 125 834 298 671 664 901 236 382 381 789 613 954 637 438 911 459 630 722 929 225 463 702 870 787 577 119 835 795 313 938 239 751 736 447 81 984 529 683 67 55 21 192 776 797 248 253 405 600 706 188 882 28 165 912 368 896 825 235 72 739 873 169 408 986 474 838 108 331 361 360 790 206 258 331 117 208 865 521 214 607 625 126 549 429 541 636 26 366 194 476 956 568 520 159 879 404 
524 304 525 400 928 370 589 986 933 168 661 28 349 864 305 74 692 502 177 461 752 562 708 733 956 858 535 848 592 701 219 597 774 716 450 871 84 881 239 83 285 309 713 16 47 475 541 592 610 165 990 378 45 642 870 605 856 812 833 837 512 83 54 998 743 668 748 809 704 630 414 25 723 10 479 923 156 505 844 897 483 611 956 590 452 323 328 199 501 883 81 14 953 88 134 573 887 326 491 269 
441 777 73 948 126 873 984 192 590 139 260 494 352 215 786 264 486 318 489 266 668 263 489 11 139 301 37 132 831 738 727 459 737 818 304 988 702 144 156 180 885 289 199 493 657 234 866 952 50 834 891 398 604 791 8 917 76 266 233 322 830 370 248 579 120 976 554 890 364 488 435 704 56 435 891 776 5 804 858 198 993 344 124 955 885 884 565 42 94 558 19 328 77 564 54 749 597 973 633 469 
959 912 469 37 671 16 465 366 172 940 636 467 250 120 678 210 328 910 529 620 1 18 284 940 931 8 121 10 728 790 171 613 200 73 882 138 83 969 105 55 335 75 46 909 774 858 863 665 845 812 549 338 460 214 42 952 152 808 169 161 162 446 162 514 502 507 578 655 963 29 356 939 605 217 145 670 604 821 121 434 818 720 711 804 615 745 134 835 205 946 894 385 491 915 956 204 449 862 596 460 
1000 430 888 258 727 557 270 509 493 538 178 468 266 104 848 850 931 477 528 525 882 287 200 93 697 974 498 20 490 969 26 578 897 130 198 253 916 864 891 714 48 497 963 255 370 84 769 765 656 767 16 334 749 806 966 378 247 126 860 601 545 5 163 487 447 889 910 771 485 626 65 958 893 985 156 892 253 661 720 988 588 474 518 878 705 664 818 793 154 676 170 963 165 25 742 661 689 429 703 964 
12841 13172 12088 12269 13839 
556 125 736 557 301 6 111 16 704 952 408 492 163 938 315 949 670 1000 457 816 357 495 916 852 614 161 60 382 373 570 182 934 129 542 767 964 896 350 178 557 975 70 226 356 404 79 833 616 575 987 340 794 321 337 580 920 425 170 955 581 739 622 473 789 946 499 666 546 630 997 462 750 841 795 2 522 778 42 714 645 855 396 768 392 141 544 847 263 325 227 765 128 10 973 162 743 208 223 981 143 
413 794 494 821 348 961 63 962 799 242 352 337 111 559 889 595 914 576 312 323 153 888 287 627 888 634 424 365 374 85 650 265 711 204 816 595 111 707 774 138 687 131 279 775 191 217 181 750 890 776 484 655 662 662 995 248 718 321 533 391 81 253 879 540 959 118 989 781 678 787 424 721 623 833 986 141 66 983 449 654 458 675 515 718 486 881 726 386 796 229 398 335 624 283 182 589 153 945 272 849 
907 447 158 840 440 413 75 682 936 933 753 47 488 649 475 88 464 50 485 672 254 171 548 202 227 673 888 176 82 811 292 522 717 592 235 398 519 987 937 12 599 414 362 818 998 654 32 469 618 781 944 499 860 216 499 695 231 776 121 703 876 260 938 643 746 967 360 630 46 555 818 52 6 331 24 328 749 206 906 346 104 415 680 187 220 255 122 51 231 536 897 727 782 113 947 206 566 738 733 891 
547 399 669 818 623 164 859 960 509 365 351 949 25 197 264 678 581 500 285 422 802 200 287 968 674 379 733 455 956 967 829 154 902 240 70 212 878 160 900 594 582 365 49 368 156 68 99 554 145 319 303 423 257 348 915 905 684 562 217 471 532 334 601 729 566 886 824 253 606 618 418 217 153 725 701 451 402 372 820 111 770 205 698 976 370 449 378 633 566 240 13 689 385 319 341 863 462 630 91 525 
599 63 627 495 55 314 599 374 472 554 946 583 359 675 87 563 150 661 58 523 885 946 125 544 318 593 647 299 47 898 462 502 572 556 361 385 464 105 533 83 1 112 323 14 581 291 159 108 702 454 251 385 537 337 675 787 970 822 528 782 29 81 430 957 599 52 314 180 877 28 115 483 451 434 494 849 212 520 178 354 251 72 770 806 580 97 80 821 379 635 508 988 748 542 41 451 87 107 658 636 
13162 13388 12431 12309 10949 
918 1312 639 491 1121 1416 1280 1295 864 175 951 830 1133 124 1225 423 572 124 801 342 842 780 624 451 602 1017 968 945 899 937 1198 384 1058 778 623 281 495 1050 1097 530 104 926 771 819 747 1031 877 968 667 620 909 305 845 843 581 291 597 987 260 804 402 296 512 749 579 1042 889 984 896 239 829 699 581 357 1064 1155 288 1509 674 904 842 742 542 1242 1354 859 557 985 832 1150 263 1022 1238 268 1135 673 1212 1236 495 1224 
1146 1084 950 274 1021 1007 1277 952 698 887 984 624 1144 544 881 564 450 301 770 447 1020 549 496 614 802 1201 940 666 1080 1056 772 656 706 1186 407 462 786 1122 674 890 218 863 1009 418 1068 778 1022 830 493 562 841 337 678 1066 347 823 594 1339 554 804 877 681 42 581 436 1247 656 1020 864 447 469 762 648 375 903 935 584 688 860 517 795 806 774 832 888 775 299 1132 448 1419 490 1141 665 362 1131 649 1225 580 804 973 
694 1296 729 683 928 698 1008 485 658 743 818 786 1049 431 1031 737 697 508 743 835 872 679 734 776 857 1044 797 928 1281 606 524 729 971 883 568 737 626 950 373 1122 462 723 790 837 626 991 1100 953 635 629 804 485 657 1081 388 403 714 994 923 621 993 520 298 733 500 1078 794 870 955 857 598 1112 935 613 798 909 516 936 892 874 1230 1203 347 1036 1061 638 848 746 413 1054 610 533 718 804 986 655 1107 852 849 473 
490 863 108 54 275 955 416 766 231 53 240 42 495 9 772 -154 38 52 488 71 587 324 -183 2 402 671 745 349 584 418 345 24 549 489 -111 47 -278 400 180 74 1 707 421 225 380 600 403 269 163 -336 520 -158 268 581 32 -337 96 686 74 209 154 23 -159 11 0 489 390 379 10 -344 165 303 -122 17 544 303 -150 903 137 272 12 260 149 462 522 219 -191 653 62 907 -109 294 413 -126 783 -170 637 742 -138 649 
241 658 442 -139 199 -41 437 447 -22 212 296 360 529 -124 450 -100 -61 176 481 122 788 117 211 112 124 379 240 -16 288 560 442 320 220 420 -305 174 -74 494 280 457 -48 667 182 -152 224 370 572 154 -98 129 476 -102 124 326 -178 218 117 561 -184 232 652 -69 -107 367 -120 718 181 438 -108 -112 329 -110 -32 -18 406 606 169 605 346 -92 412 347 -96 575 580 158 -36 324 201 699 141 436 363 -9 802 328 673 -1 193 421 
301 382 -41 -218 617 -1 679 -8 -214 -194 -132 -241 445 274 612 -79 -76 395 465 -252 -122 -16 461 -213 -83 -41 -165 368 501 -153 -68 404 -2 -146 367 462 388 334 -9 -73 318 539 475 278 294 595 661 289 -109 -67 451 -217 -159 354 -126 310 -250 -47 -78 -213 280 282 -339 -244 -44 560 330 800 -170 309 -31 -23 -8 -42 313 592 -161 366 390 276 359 -18 -11 291 764 533 -140 449 -96 846 -227 -160 -72 444 668 346 566 393 -23 -66 
100 5 
563 659 144 345 188 345 585 400 396 425 393 392 864 460 874 949 969 774 106 198 987 234 770 870 933 599 866 512 99 848 350 244 965 388 217 915 669 314 915 492 739 58 628 444 632 475 598 752 493 928 52 114 58 106 876 165 645 133 86 881 640 18 449 596 705 702 714 743 960 663 476 804 554 482 974 672 464 357 111 284 775 25 506 899 766 155 785 164 970 846 563 813 289 874 462 851 663 667 67 355 
588 89 884 128 202 635 29 730 968 426 101 987 624 911 580 306 536 132 370 691 739 75 427 500 237 945 180 256 272 376 836 657 714 632 730 16 218 179 523 508 846 114 536 684 95 698 977 621 495 670 477 490 800 116 236 134 772 567 906 515 516 656 636 624 897 515 584 940 299 578 774 805 277 500 56 191 333 692 299 206 940 281 627 993 90 529 840 516 655 564 154 20 625 897 981 1000 633 307 220 61 
84 258 463 654 834 545 277 781 961 531 664 259 334 589 388 857 792 905 213 749 277 31 178 620 690 916 205 138 355 224 696 994 302 441 863 229 959 321 327 108 459 816 394 518 6 169 231 425 643 565 460 9 431 18 443 617 276 97 238 460 359 594 738 42 464 80 836 244 564 548 774 822 20 410 327 327 755 870 678 193 163 92 973 312 380 682 390 5 273 551 670 464 643 392 51 200 98 158 375 714 
728 593 698 258 459 210 433 564 782 795 920 417 190 104 40 211 717 602 969 927 585 191 614 181 842 11 620 449 53 620 64 495 627 704 618 440 73 72 574 719 918 321 661 506 46 711 309 864 273 160 805 287 435 888 311 251 289 650 867 390 961 978 79 51 446 707 568 848 941 419 367 814 699 544 44 322 371 753 252 969 281 925 34 910 63 780 663 387 955 230 425 152 468 239 956 78 696 912 787 419 
1000 637 396 715 62 136 727 187 892 872 701 61 836 112 768 538 494 801 327 67 973 711 670 478 9 373 823 417 362 904 722 471 129 907 765 821 110 184 572 340 281 202 848 980 738 282 327 909 303 79 623 917 649 773 490 640 101 145 935 211 59 986 103 854 832 376 706 677 580 121 189 13 67 607 477 175 724 411 543 910 619 312 695 328 455 671 213 526 282 590 606 908 340 40 560 567 94 218 43 825 
13486 12749 11130 12651 12451 
556 125 736 557 301 6 111 16 704 952 408 492 163 938 315 949 670 1000 457 816 357 495 916 852 614 161 60 382 373 570 182 934 129 542 767 964 896 350 178 557 975 70 226 356 404 79 833 616 575 987 340 794 321 337 580 920 425 170 955 581 739 622 473 789 946 499 666 546 630 997 462 750 841 795 2 522 778 42 714 645 855 396 768 392 141 544 847 263 325 227 765 128 10 973 162 743 208 223 981 143 
413 794 494 821 348 961 63 962 799 242 352 337 111 559 889 595 914 576 312 323 153 888 287 627 888 634 424 365 374 85 650 265 711 204 816 595 111 707 774 138 687 131 279 775 191 217 181 750 890 776 484 655 662 662 995 248 718 321 533 391 81 253 879 540 959 118 989 781 678 787 424 721 623 833 986 141 66 983 449 654 458 675 515 718 486 881 726 386 796 229 398 335 624 283 182 589 153 945 272 849 
907 447 158 840 440 413 75 682 936 933 753 47 488 649 475 88 464 50 485 672 254 171 548 202 227 673 888 176 82 811 292 522 717 592 235 398 519 987 937 12 599 414 362 818 998 654 32 469 618 781 944 499 860 216 499 695 231 776 121 703 876 260 938 643 746 967 360 630 46 555 818 52 6 331 24 328 749 206 906 346 104 415 680 187 220 255 122 51 231 536 897 727 782 113 947 206 566 738 733 891 
547 399 669 818 623 164 859 960 509 365 351 949 25 197 264 678 581 500 285 422 802 200 287 968 674 379 733 455 956 967 829 154 902 240 70 212 878 160 900 594 582 365 49 368 156 68 99 554 145 319 303 423 257 348 915 905 684 562 217 471 532 334 601 729 566 886 824 253 606 618 418 217 153 725 701 451 402 372 820 111 770 205 698 976 370 449 378 633 566 240 13 689 385 319 341 863 462 630 91 525 
599 63 627 495 55 314 599 374 472 554 946 583 359 675 87 563 150 661 58 523 885 946 125 544 318 593 647 299 47 898 462 502 572 556 361 385 464 105 533 83 1 112 323 14 581 291 159 108 702 454 251 385 537 337 675 787 970 822 528 782 29 81 430 957 599 52 314 180 877 28 115 483 451 434 494 849 212 520 178 354 251 72 770 806 580 97 80 821 379 635 508 988 748 542 41 451 87 107 658 636 
13162 13388 12431 12309 10949 
944 1210 701 624 1078 1383 1292 1405 1217 371 1236 1008 1507 264 1233 648 782 361 795 526 1091 781 757 704 631 1140 1218 1063 607 991 1459 471 1144 981 971 289 519 727 1508 683 459 981 1110 1223 799 1253 725 1052 750 658 945 382 930 818 621 200 837 844 497 855 457 838 897 642 834 999 1054 976 1090 305 1193 882 500 587 1071 922 686 1624 642 995 771 658 728 1287 1171 997 779 968 1283 1089 632 1205 1458 466 1292 784 1144 1262 256 1308 
956 765 796 190 762 758 1073 847 834 867 1052 587 1301 468 672 573 444 322 547 414 1052 334 413 650 614 1109 974 568 572 894 817 527 576 1172 538 252 595 582 869 827 357 701 1132 605 904 783 655 697 360 384 661 198 547 824 172 515 618 980 575 639 716 1007 210 258 475 988 605 795 842 298 617 729 351 389 693 486 765 587 611 392 508 505 744 661 490 696 305 899 683 1142 643 1108 669 344 1072 544 940 389 349 841 
422 895 494 517 587 368 722 298 713 641 804 666 1124 273 740 664 609 447 438 720 823 382 569 731 587 869 749 748 690 362 488 518 760 787 617 446 353 328 486 978 519 480 831 943 380 915 650 739 420 368 543 264 444 759 130 14 657 553 862 374 750 764 384 328 457 737 661 564 851 626 663 997 556 545 506 379 615 754 562 666 861 821 234 783 581 478 772 432 566 696 681 418 640 704 845 468 740 579 312 260 
393 638 48 64 109 800 305 753 460 49 401 97 745 1 656 -52 125 89 359 54 712 202 -173 55 307 671 872 344 168 349 483 40 512 568 112 -145 -376 4 468 104 157 639 637 506 309 698 128 229 122 -422 434 -205 230 433 1 -551 214 419 111 137 86 441 101 -218 131 324 432 247 81 -400 406 364 -327 48 427 -52 124 896 34 239 -258 53 211 383 216 234 -92 513 390 723 137 354 510 -51 816 -182 445 645 -500 610 
145 433 382 -130 -41 -86 326 434 317 284 457 415 779 -107 334 112 -48 290 351 182 914 -4 221 241 -45 379 367 89 -126 491 580 283 184 499 -81 -16 -62 -27 568 487 294 599 398 128 154 468 297 114 -28 -31 389 -149 86 178 -260 -71 234 295 -70 160 584 349 154 137 -63 552 223 306 -1 -168 569 -50 -236 89 289 250 443 598 191 -124 218 140 -33 497 274 173 173 184 529 515 387 496 460 -9 835 317 481 -62 -168 382 
-32 -80 -63 -209 451 -119 568 -21 289 -84 303 -148 695 291 496 297 285 509 335 -154 277 -100 470 -84 -140 -3 -1 363 -151 -184 344 368 -39 -28 591 346 290 -112 278 -4 550 471 691 559 -13 693 386 249 -111 -115 364 -225 -160 -30 -208 -141 -133 -39 310 -11 -24 700 -78 -199 -149 394 372 668 -61 253 -27 312 -174 339 -40 236 387 358 -1 244 -71 -187 -185 -23 459 548 -2 309 506 663 -218 -100 -211 519 702 334 375 295 -111 -105 
100 5 
495 707 875 928 542 474 824 312 266 682 366 999 147 823 86 841 371 853 68 815 88 935 503 785 407 172 663 415 243 760 323 902 783 675 521 466 521 620 533 208 634 483 542 832 648 441 939 380 938 640 721 340 390 42 705 517 5 315 331 534 305 941 165 40 332 983 770 264 7 525 475 798 509 438 77 626 30 591 696 84 346 619 595 504 971 559 792 940 281 55 524 561 485 963 290 51 692 807 852 737 
377 556 313 90 505 18 101 582 941 459 515 959 850 597 523 724 256 831 764 940 780 881 280 82 862 65 346 205 434 354 128 141 407 499 153 548 329 192 565 898 894 642 302 7 331 647 858 790 604 82 365 94 830 9 769 984 917 672 189 232 676 97 783 500 271 480 841 629 162 191 316 616 337 855 935 915 148 105 150 800 312 879 547 899 6 454 213 459 65 320 723 779 786 3 127 214 84 580 970 636 
278 49 491 78 884 456 503 291 981 106 472 385 771 744 238 306 740 193 733 540 122 425 524 182 989 770 833 219 587 686 340 169 965 756 123 6 554 686 71 735 295 212 24 553 613 234 877 491 713 770 506 793 305 282 375 2 756 660 629 292 230 871 192 212 62 568 602 888 528 896 213 232 801 780 902 80 567 632 578 551 620 689 602 164 534 68 110 485 343 897 907 744 861 319 580 206 425 775 145 514 
929 88 946 525 836 205 722 118 832 560 732 268 14 485 918 596 592 374 464 569 559 971 579 263 959 326 929 45 463 391 328 821 506 907 30 278 447 373 764 588 241 523 402 116 694 423 710 177 967 138 684 109 996 400 988 305 708 371 247 83 904 464 855 514 949 116 433 75 235 133 131 249 793 904 934 558 476 566 58 764 548 942 996 953 565 200 304 398 461 279 678 823 954 540 718 600 346 121 635 956 
887 133 57 933 657 737 110 978 33 707 706 51 622 18 366 638 658 885 518 215 434 521 414 529 143 193 573 695 952 443 556 953 340 52 829 312 400 699 227 680 748 902 454 808 413 176 435 850 988 229 749 891 81 450 318 81 551 191 668 488 959 482 860 483 313 763 630 594 294 817 486 424 862 471 694 106 315 174 124 271 586 273 479 705 188 530 1000 888 41 640 307 201 424 821 954 185 78 705 470 828 
13164 12033 12184 13178 12688 
556 125 736 557 301 6 111 16 704 952 408 492 163 938 315 949 670 1000 457 816 357 495 916 852 614 161 60 382 373 570 182 934 129 542 767 964 896 350 178 557 975 70 226 356 404 79 833 616 575 987 340 794 321 337 580 920 425 170 955 581 739 622 473 789 946 499 666 546 630 997 462 750 841 795 2 522 778 42 714 645 855 396 768 392 141 544 847 263 325 227 765 128 10 973 162 743 208 223 981 143 
413 794 494 821 348 961 63 962 799 242 352 337 111 559 889 595 914 576 312 323 153 888 287 627 888 634 424 365 374 85 650 265 711 204 816 595 111 707 774 138 687 131 279 775 191 217 181 750 890 776 484 655 662 662 995 248 718 321 533 391 81 253 879 540 959 118 989 781 678 787 424 721 623 833 986 141 66 983 449 654 458 675 515 718 486 881 726 386 796 229 398 335 624 283 182 589 153 945 272 849 
907 447 158 840 440 413 75 682 936 933 753 47 488 649 475 88 464 50 485 672 254 171 548 202 227 673 888 176 82 811 292 522 717 592 235 398 519 987 937 12 599 414 362 818 998 654 32 469 618 781 944 499 860 216 499 695 231 776 121 703 876 260 938 643 746 967 360 630 46 555 818 52 6 331 24 328 749 206 906 346 104 415 680 187 220 255 122 51 231 536 897 727 782 113 947 206 566 738 733 891 
547 399 669 818 623 164 859 960 509 365 351 949 25 197 264 678 581 500 285 422 802 200 287 968 674 379 733 455 956 967 829 154 902 240 70 212 878 160 900 594 582 365 49 368 156 68 99 554 145 319 303 423 257 348 915 905 684 562 217 471 532 334 601 729 566 886 824 253 606 618 418 217 153 725 701 451 402 372 820 111 770 205 698 976 370 449 378 633 566 240 13 689 385 319 341 863 462 630 91 525 
599 63 627 495 55 314 599 374 472 554 946 583 359 675 87 563 150 661 58 523 885 946 125 544 318 593 647 299 47 898 462 502 572 556 361 385 464 105 533 83 1 112 323 14 581 291 159 108 702 454 251 385 537 337 675 787 970 822 528 782 29 81 430 957 599 52 314 180 877 28 115 483 451 434 494 849 212 520 178 354 251 72 770 806 580 97 80 821 379 635 508 988 748 542 41 451 87 107 658 636 
13162 13388 12431 12309 10949 
904 1029 680 674 1373 1346 1293 1289 987 223 1197 1077 1377 322 1088 656 563 304 866 574 734 1238 645 502 720 836 1308 984 874 883 1220 456 1156 904 623 86 523 986 1317 831 332 1191 800 1019 995 1129 960 834 1110 509 1026 423 936 634 741 176 967 927 263 649 524 722 1026 518 510 1065 987 735 626 311 960 654 796 728 1363 1001 423 1381 546 936 657 971 764 1203 1233 755 644 1242 853 931 736 1315 1647 467 1183 456 991 1366 531 1527 
1081 749 939 405 1222 886 1239 895 769 884 1178 820 1336 690 692 746 390 430 784 627 861 957 465 613 868 969 1228 653 1003 951 742 676 753 1260 354 214 763 1006 843 1139 395 1075 987 566 1265 824 1054 644 885 399 907 404 717 805 456 656 913 1227 506 597 948 1055 504 298 315 1218 703 719 542 468 549 665 812 694 1150 730 667 508 680 497 559 983 945 741 716 619 335 1338 418 1148 911 1382 1022 508 1127 380 952 658 789 1225 
455 787 545 640 955 404 796 254 556 566 839 808 1067 404 668 745 463 464 583 842 539 912 529 602 749 638 911 742 1030 326 321 575 845 783 342 316 430 660 368 1198 465 762 595 812 649 864 958 594 853 292 696 378 522 647 322 63 860 708 700 241 890 721 586 277 206 875 667 396 459 705 504 842 926 759 871 530 425 583 538 680 820 1207 343 772 715 309 710 778 210 610 858 601 902 777 809 213 661 757 661 552 
394 497 67 154 445 803 347 677 271 42 404 206 656 48 552 96 46 74 471 144 397 701 -245 -106 437 408 1002 306 476 281 284 13 565 531 -195 -307 -332 253 318 293 71 889 368 343 546 616 404 53 523 -530 555 -123 276 289 109 -535 385 543 17 71 194 366 271 -302 -152 430 406 47 -342 -354 214 176 10 229 760 67 1 693 26 221 -331 406 288 340 318 32 -186 827 1 605 281 504 739 89 748 -470 333 790 -184 870 
145 292 401 -39 369 -82 367 358 128 177 460 524 690 -9 231 161 -152 274 463 272 598 494 149 -1 159 116 497 -31 181 423 381 308 236 463 -388 -103 -17 347 418 676 208 849 130 -34 390 385 572 -62 372 -65 511 -67 132 -47 -100 -61 405 418 -264 -5 692 274 324 -28 -272 658 197 106 -350 -122 377 -238 100 270 622 370 221 395 135 -143 145 493 -38 454 376 -28 -2 498 141 397 531 646 689 106 767 -52 369 157 147 642 
205 -190 -14 -118 787 -85 610 -97 -106 -161 306 -9 606 389 392 345 -100 493 448 -35 -38 635 399 -246 226 -30 365 324 393 -15 -60 393 -193 -35 284 -22 334 -19 -78 420 464 721 422 396 460 611 661 -133 526 -194 486 -113 -84 -144 -48 -94 -168 -122 -90 -176 320 625 -114 -283 -196 500 346 468 -248 299 -189 -82 399 520 529 356 -41 -51 -27 225 -114 402 -79 -36 561 347 -67 624 -89 545 -43 -156 254 559 634 -160 263 441 -1 -52 
100 5 
502 66 229 725 461 533 658 340 95 501 697 437 172 549 801 408 866 475 253 467 809 802 683 738 160 41 432 538 342 957 515 995 824 255 712 241 541 806 577 313 595 899 676 772 560 342 791 253 400 180 60 722 945 164 116 429 856 102 573 623 633 59 235 737 376 370 528 546 699 352 523 327 412 869 841 758 320 230 6 409 432 678 562 595 778 364 908 188 48 291 984 620 627 571 720 393 119 43 587 448 
430 323 712 645 833 762 352 411 715 141 887 331 388 546 817 813 541 144 300 311 264 591 657 848 101 862 282 66 101 401 322 363 471 750 871 523 163 428 265 284 338 346 616 467 401 464 239 712 866 129 202 710 353 715 176 395 71 644 440 247 616 68 598 12 421 83 938 602 793 745 924 535 20 303 586 953 929 536 301 396 87 287 575 290 714 407 717 189 880 813 996 717 283 702 797 650 280 344 592 512 
828 553 337 862 225 41 933 845 980 433 139 809 174 769 819 641 460 906 816 998 112 608 653 341 963 453 968 909 985 509 184 807 459 726 336 800 818 779 1 656 344 556 177 736 263 304 542 813 326 718 601 591 216 918 394 512 378 970 751 957 639 131 116 494 662 166 345 725 135 843 878 121 600 569 735 263 425 803 632 5 529 609 328 647 575 510 413 541 960 932 378 34 515 946 226 805 430 969 148 14 
839 674 396 128 569 631 725 552 365 292 649 177 372 75 76 614 205 33 644 660 996 517 905 989 284 498 332 589 842 337 656 185 834 128 291 789 702 935 883 66 721 673 897 906 408 645 519 244 595 15 464 93 254 627 284 436 787 50 224 220 459 124 607 64 889 172 115 904 924 169 841 110 536 962 192 295 507 879 456 433 865 400 762 985 591 502 291 601 31 211 207 228 160 523 328 10 707 423 324 194 
949 517 55 290 784 129 21 599 792 529 46 542 766 707 864 166 878 808 61 475 657 933 257 596 378 685 506 223 928 376 421 369 577 194 341 824 73 948 618 764 469 682 275 609 290 873 147 926 772 7 860 963 543 119 95 764 560 563 959 743 57 641 48 63 87 145 338 463 947 611 494 190 762 851 717 908 758 714 123 240 712 59 7 199 900 18 183 324 938 301 325 915 302 472 659 595 79 345 584 31 
12440 12184 13875 11869 12243 
556 125 736 557 301 6 111 16 704 952 408 492 163 938 315 949 670 1000 457 816 357 495 916 852 614 161 60 382 373 570 182 934 129 542 767 964 896 350 178 557 975 70 226 356 404 79 833 616 575 987 340 794 321 337 580 920 425 170 955 581 739 622 473 789 946 499 666 546 630 997 462 750 841 795 2 522 778 42 714 645 855 396 768 392 141 544 847 263 325 227 765 128 10 973 162 743 208 223 981 143 
413 794 494 821 348 961 63 962 799 242 352 337 111 559 889 595 914 576 312 323 153 888 287 627 888 634 424 365 374 85 650 265 711 204 816 595 111 707 774 138 687 131 279 775 191 217 181 750 890 776 484 655 662 662 995 248 718 321 533 391 81 253 879 540 959 118 989 781 678 787 424 721 623 833 986 141 66 983 449 654 458 675 515 718 486 881 726 386 796 229 398 335 624 283 182 589 153 945 272 849 
907 447 158 840 440 413 75 682 936 933 753 47 488 649 475 88 464 50 485 672 254 171 548 202 227 673 888 176 82 811 292 522 717 592 235 398 519 987 937 12 599 414 362 818 998 654 32 469 618 781 944 499 860 216 499 695 231 776 121 703 876 260 938 643 746 967 360 630 46 555 818 52 6 331 24 328 749 206 906 346 104 415 680 187 220 255 122 51 231 536 897 727 782 113 947 206 566 738 733 891 
547 399 669 818 623 164 859 960 509 365 351 949 25 197 264 678 581 500 285 422 802 200 287 968 674 379 733 455 956 967 829 154 902 240 70 212 878 160 900 594 582 365 49 368 156 68 99 554 145 319 303 423 257 348 915 905 684 562 217 471 532 334 601 729 566 886 824 253 606 618 418 217 153 725 701 451 402 372 820 111 770 205 698 976 370 449 378 633 566 240 13 689 385 319 341 863 462 630 91 525 
599 63 627 495 55 314 599 374 472 554 946 583 359 675 87 563 150 661 58 523 885 946 125 544 318 593 647 299 47 898 462 502 572 556 361 385 464 105 533 83 1 112 323 14 581 291 159 108 702 454 251 385 537 337 675 787 970 822 528 782 29 81 430 957 599 52 314 180 877 28 115 483 451 434 494 849 212 520 178 354 251 72 770 806 580 97 80 821 379 635 508 988 748 542 41 451 87 107 658 636 
13162 13388 12431 12309 10949 
1156 1284 625 828 1398 1523 1514 1517 1101 235 1258 1139 1406 453 1473 699 765 286 907 676 1041 1317 951 971 560 1174 1278 1268 1113 1007 1440 537 1324 872 937 534 668 1386 1489 761 399 1405 1119 1389 975 1406 779 1022 995 482 994 729 1013 1041 458 440 1046 1086 574 1016 525 491 911 577 747 805 920 1028 1215 478 1503 582 737 884 1404 1315 839 1735 664 874 835 832 702 1236 1627 888 798 1112 1322 1137 821 1331 1457 715 1331 830 1124 1329 499 1168 
1302 973 853 529 1216 1031 1429 1093 852 865 1208 851 1335 791 1046 758 561 381 794 698 1136 1005 741 1051 677 1276 1168 907 1212 1044 931 727 891 1197 638 632 877 1376 984 1039 430 1259 1275 906 1214 1070 843 801 739 342 844 679 763 1181 142 890 960 1356 787 934 918 793 358 327 522 928 605 981 1101 604 1061 562 722 819 1160 1013 1052 831 767 404 706 814 852 744 1079 722 458 1177 856 1324 966 1368 802 727 1244 724 1055 590 726 835 
709 1045 493 798 982 583 1020 485 672 581 902 872 1099 537 1056 791 668 448 626 946 848 994 838 1074 592 978 884 1029 1272 454 544 660 1015 754 659 768 577 1063 542 1131 534 979 916 1185 632 1144 780 784 740 268 667 687 602 1057 42 330 941 870 1015 611 894 493 474 339 446 618 602 692 1052 874 1049 773 869 918 915 847 844 940 659 621 1001 1071 284 808 1112 445 867 651 681 820 946 620 715 1028 959 590 797 722 631 195 
510 617 -123 174 334 845 432 770 250 -181 329 133 550 43 801 -96 13 -80 376 110 568 644 1 228 142 610 837 455 580 270 369 35 597 364 59 6 -323 518 354 87 2 968 551 578 390 757 87 105 273 -692 388 47 217 561 -308 -406 328 567 94 203 60 0 21 -378 25 35 204 205 112 -322 622 44 -184 250 666 245 183 911 -90 23 -288 133 91 238 577 30 -167 562 334 676 231 385 414 103 760 -231 331 617 -352 375 
262 412 210 -20 258 -41 453 451 107 -44 385 451 584 -13 480 -30 -86 120 369 238 769 437 320 414 -135 318 332 199 284 413 466 255 269 295 -209 209 -8 613 455 470 139 928 313 200 235 527 256 -10 122 -227 343 103 -25 306 -518 149 348 442 -87 227 558 -92 -24 -22 -170 263 -5 264 103 -90 785 -445 -93 291 528 548 502 613 118 -340 187 219 -153 352 635 -30 -1 233 474 469 481 528 365 219 779 268 367 -15 -19 147 
321 -96 -230 -99 676 -70 695 -4 -153 -78 -1 -108 500 385 642 253 -59 339 353 -94 -99 578 570 -144 -68 -60 -32 473 497 -26 -2 340 -186 -228 463 497 344 452 -67 -17 395 800 606 631 304 752 345 -107 275 -149 318 263 -168 334 -466 241 -19 -124 293 -177 -46 259 -158 -359 -94 -127 -89 626 -26 331 425 -83 -27 541 435 534 445 374 -70 -204 -98 -104 -69 -164 819 345 -74 358 450 616 -119 -68 -70 673 646 286 261 268 -195 -340 
100 5 
666 688 983 479 117 68 357 972 505 865 36 603 982 727 396 23 201 67 423 272 234 567 168 798 693 2 317 576 393 990 284 235 602 374 471 196 30 268 47 516 362 963 570 174 226 281 213 297 699 51 327 590 929 342 883 145 31 753 947 71 449 579 772 876 755 342 30 809 24 336 217 568 299 157 846 183 654 223 10 870 835 808 508 977 309 997 920 892 749 355 819 186 46 591 102 859 935 855 334 968 
716 97 257 968 460 815 704 32 961 767 253 693 737 316 780 233 190 414 393 143 536 274 69 87 693 449 840 480 662 906 877 320 890 791 464 316 78 800 576 728 475 546 845 406 86 580 856 927 325 655 85 690 95 4 193 552 840 458 995 491 7 518 284 121 728 306 646 365 632 937 558 48 229 303 666 873 881 411 272 466 330 665 60 782 450 769 583 427 799 266 319 100 362 213 307 468 352 873 355 89 
923 385 266 374 886 895 107 647 138 39 461 866 524 500 589 586 410 595 687 98 585 241 308 436 368 773 523 223 978 141 47 386 766 729 748 628 47 826 234 430 123 265 909 143 395 863 154 262 335 696 313 557 150 558 898 82 984 246 98 860 597 101 762 607 530 657 340 104 943 783 621 688 721 384 233 689 296 339 209 122 599 624 861 866 543 810 769 846 955 642 561 922 994 931 908 329 366 513 274 868 
742 496 589 804 302 958 873 201 818 391 491 166 133 125 858 858 516 468 113 688 40 303 568 489 727 149 709 510 747 208 605 55 549 411 131 83 785 273 396 445 417 365 873 155 879 741 426 742 755 118 26 24 88 534 62 17 455 923 293 640 856 919 751 178 332 784 749 51 875 417 196 727 950 483 809 232 101 745 507 261 814 757 652 727 658 902 421 731 1000 303 68 53 501 782 718 979 530 824 692 926 
827 439 328 494 745 386 124 996 847 440 943 999 181 500 574 355 934 472 76 693 122 447 881 847 971 500 644 116 679 315 648 378 450 187 368 427 225 57 458 274 182 395 396 613 47 337 586 694 813 340 51 41 981 699 862 574 873 738 487 12 556 689 282 1 31 5 787 348 286 361 123 39 490 138 892 829 933 141 758 679 47 98 729 982 675 749 42 168 600 192 337 163 264 793 536 843 715 964 651 619 
24045 24345 26096 25634 24302 
556 125 736 557 301 6 111 16 704 952 408 492 163 938 315 949 670 1000 457 816 357 495 916 852 614 161 60 382 373 570 182 934 129 542 767 964 896 350 178 557 975 70 226 356 404 79 833 616 575 987 340 794 321 337 580 920 425 170 955 581 739 622 473 789 946 499 666 546 630 997 462 750 841 795 2 522 778 42 714 645 855 396 768 392 141 544 847 263 325 227 765 128 10 973 162 743 208 223 981 143 
413 794 494 821 348 961 63 962 799 242 352 337 111 559 889 595 914 576 312 323 153 888 287 627 888 634 424 365 374 85 650 265 711 204 816 595 111 707 774 138 687 131 279 775 191 217 181 750 890 776 484 655 662 662 995 248 718 321 533 391 81 253 879 540 959 118 989 781 678 787 424 721 623 833 986 141 66 983 449 654 458 675 515 718 486 881 726 386 796 229 398 335 624 283 182 589 153 945 272 849 
907 447 158 840 440 413 75 682 936 933 753 47 488 649 475 88 464 50 485 672 254 171 548 202 227 673 888 176 82 811 292 522 717 592 235 398 519 987 937 12 599 414 362 818 998 654 32 469 618 781 944 499 860 216 499 695 231 776 121 703 876 260 938 643 746 967 360 630 46 555 818 52 6 331 24 328 749 206 906 346 104 415 680 187 220 255 122 51 231 536 897 727 782 113 947 206 566 738 733 891 
547 399 669 818 623 164 859 960 509 365 351 949 25 197 264 678 581 500 285 422 802 200 287 968 674 379 733 455 956 967 829 154 902 240 70 212 878 160 900 594 582 365 49 368 156 68 99 554 145 319 303 423 257 348 915 905 684 562 217 471 532 334 601 729 566 886 824 253 606 618 418 217 153 725 701 451 402 372 820 111 770 205 698 976 370 449 378 633 566 240 13 689 385 319 341 863 462 630 91 525 
599 63 627 495 55 314 599 374 472 554 946 583 359 675 87 563 150 661 58 523 885 946 125 544 318 593 647 299 47 898 462 502 572 556 361 385 464 105 533 83 1 112 323 14 581 291 159 108 702 454 251 385 537 337 675 787 970 822 528 782 29 81 430 957 599 52 314 180 877 28 115 483 451 434 494 849 212 520 178 354 251 72 770 806 580 97 80 821 379 635 508 988 748 542 41 451 87 107 658 636 
26324 26776 24861 24619 21898 
1107 1164 650 808 1211 1614 1295 1423 1051 242 1097 1231 1429 243 1323 468 511 102 717 359 662 879 605 686 759 927 1267 1070 1051 889 1398 154 1229 845 749 115 327 938 1249 709 103 1166 1195 875 803 1327 665 902 875 530 603 379 885 846 710 93 1038 1130 435 759 424 734 1046 546 621 923 863 601 954 387 1000 625 695 352 1365 1127 710 1360 597 943 721 902 703 1446 1328 1259 729 1242 1457 865 550 999 1399 621 1185 921 1267 1596 399 1508 
1216 817 841 472 993 1086 1174 962 766 835 1011 907 1321 544 859 490 270 160 566 344 721 530 358 730 840 992 1119 672 1113 890 853 307 758 1134 413 176 500 890 707 950 98 984 1315 355 1005 954 691 645 582 353 416 293 599 950 358 506 916 1363 611 640 780 999 457 259 359 1009 512 518 803 477 521 569 643 251 1085 788 887 420 664 437 555 847 817 917 744 1056 352 1270 955 1015 658 999 708 595 1062 778 1161 821 589 1138 
692 957 549 809 827 705 832 422 654 619 773 996 1153 359 937 590 445 295 467 660 501 587 523 820 823 762 904 862 1241 367 534 308 951 759 502 380 268 646 333 1110 270 772 1024 702 491 1096 696 696 651 347 307 369 505 893 326 14 964 945 907 385 824 766 641 339 351 767 577 296 821 814 578 847 858 417 907 690 746 596 624 721 918 1172 317 1049 844 847 828 812 847 579 706 319 688 965 844 712 970 1020 563 567 
576 612 15 267 262 1050 328 790 314 64 282 339 687 72 765 -213 -126 -150 300 31 304 320 -306 57 455 477 939 371 632 266 441 -309 616 452 34 -299 -549 184 228 149 -180 844 742 178 333 792 87 99 266 -530 111 -188 204 480 58 -639 434 724 69 60 72 356 271 -295 62 266 261 17 89 -299 233 126 12 -167 741 171 168 651 81 206 -288 316 206 562 392 516 1 806 583 518 74 167 470 122 728 98 588 998 -337 829 
327 407 349 73 186 164 348 472 171 175 338 657 721 -109 444 -49 -225 -3 292 -18 505 113 88 243 178 185 434 115 337 409 538 -14 288 383 -283 -95 -234 278 328 532 -42 803 503 -199 177 562 256 -15 116 -65 66 -132 60 225 -152 -84 454 600 -112 83 570 264 323 60 -182 495 -1 -48 -44 -67 396 -288 -22 -127 603 474 487 353 165 -157 187 403 -38 675 450 455 142 477 723 311 324 310 421 239 747 473 624 365 -5 602 
386 -82 -72 -5 604 367 591 -196 -69 -169 -28 330 637 290 606 -77 -179 269 277 -65 -131 254 337 -82 244 -173 303 389 549 -30 303 -141 -148 -120 389 -20 -95 -94 -174 277 213 675 796 231 247 787 345 -93 269 -199 -171 -184 -162 253 -100 -204 -125 266 267 -87 -14 615 -121 -276 -106 337 -11 313 -154 354 -176 -138 277 -89 510 460 431 -99 -3 -1 -78 312 -166 391 635 830 -9 603 700 458 -44 -286 -14 692 614 491 518 649 -161 -98 
100 5 
884 667 13 143 333 464 938 225 37 193 531 750 933 385 877 179 639 427 665 599 755 774 25 165 129 403 49 681 443 148 141 484 414 868 86 295 484 38 419 833 706 70 481 689 914 218 803 867 416 47 120 290 781 459 520 25 173 911 244 618 193 248 664 674 452 641 457 323 286 434 541 904 866 326 624 445 615 296 600 614 673 923 149 493 773 604 811 520 343 304 147 576 444 349 941 809 639 361 366 690 
203 685 977 28 292 95 558 427 542 770 669 14 59 63 520 206 14 447 372 816 504 271 342 650 669 658 326 976 398 902 645 932 868 6 533 719 241 778 244 185 63 369 152 114 541 202 129 735 485 109 954 307 375 460 397 779 203 265 217 415 705 630 485 889 849 958 66 175 57 39 234 809 17 4 402 882 336 109 696 222 805 893 212 768 389 15 848 968 551 367 456 590 553 946 672 241 576 517 640 822 
330 574 440 922 341 701 979 974 747 47 69 117 523 913 83 967 65 647 983 762 384 47 89 885 21 745 349 741 188 3 526 236 974 270 366 292 441 594 490 807 326 546 687 707 593 230 712 360 475 261 522 314 543 31 445 909 670 188 483 676 218 919 742 751 685 583 876 687 592 3 681 643 946 627 352 585 135 255 985 323 404 328 473 79 803 928 525 957 147 163 940 710 373 346 279 320 942 235 426 252 
536 826 575 44 727 349 455 181 668 274 999 225 27 514 740 585 804 994 607 477 349 357 406 275 522 548 337 656 10 136 831 666 881 373 172 185 876 494 211 697 648 224 826 585 233 49 819 200 659 61 644 677 723 955 163 643 171 132 859 390 936 767 501 680 403 836 447 466 617 879 501 244 468 921 282 147 229 893 261 61 344 680 100 685 805 869 385 159 296 355 535 610 856 103 203 120 584 289 50 744 
959 48 262 398 847 828 624 807 239 504 52 678 770 443 647 549 844 811 306 5 504 120 491 324 851 850 64 418 533 450 443 561 693 112 788 647 281 754 385 221 576 368 462 869 785 664 701 542 176 988 516 903 35 445 833 997 392 509 38 772 764 616 764 151 931 609 736 248 828 923 776 198 800 238 893 753 102 461 654 623 383 569 736 412 602 224 175 315 432 315 971 224 492 34 355 433 34 408 586 295 
23993 23134 25264 24281 25873 
556 125 736 557 301 6 111 16 704 952 408 492 163 938 315 949 670 1000 457 816 357 495 916 852 614 161 60 382 373 570 182 934 129 542 767 964 896 350 178 557 975 70 226 356 404 79 833 616 575 987 340 794 321 337 580 920 425 170 955 581 739 622 473 789 946 499 666 546 630 997 462 750 841 795 2 522 778 42 714 645 855 396 768 392 141 544 847 263 325 227 765 128 10 973 162 743 208 223 981 143 
413 794 494 821 348 961 63 962 799 242 352 337 111 559 889 595 914 576 312 323 153 888 287 627 888 634 424 365 374 85 650 265 711 204 816 595 111 707 774 138 687 131 279 775 191 217 181 750 890 776 484 655 662 662 995 248 718 321 533 391 81 253 879 540 959 118 989 781 678 787 424 721 623 833 986 141 66 983 449 654 458 675 515 718 486 881 726 386 796 229 398 335 624 283 182 589 153 945 272 849 
907 447 158 840 440 413 75 682 936 933 753 47 488 649 475 88 464 50 485 672 254 171 548 202 227 673 888 176 82 811 292 522 717 592 235 398 519 987 937 12 599 414 362 818 998 654 32 469 618 781 944 499 860 216 499 695 231 776 121 703 876 260 938 643 746 967 360 630 46 555 818 52 6 331 24 328 749 206 906 346 104 415 680 187 220 255 122 51 231 536 897 727 782 113 947 206 566 738 733 891 
547 399 669 818 623 164 859 960 509 365 351 949 25 197 264 678 581 500 285 422 802 200 287 968 674 379 733 455 956 967 829 154 902 240 70 212 878 160 900 594 582 365 49 368 156 68 99 554 145 319 303 423 257 348 915 905 684 562 217 471 532 334 601 729 566 886 824 253 606 618 418 217 153 725 701 451 402 372 820 111 770 205 698 976 370 449 378 633 566 240 13 689 385 319 341 863 462 630 91 525 
599 63 627 495 55 314 599 374 472 554 946 583 359 675 87 563 150 661 58 523 885 946 125 544 318 593 647 299 47 898 462 502 572 556 361 385 464 105 533 83 1 112 323 14 581 291 159 108 702 454 251 385 537 337 675 787 970 822 528 782 29 81 430 957 599 52 314 180 877 28 115 483 451 434 494 849 212 520 178 354 251 72 770 806 580 97 80 821 379 635 508 988 748 542 41 451 87 107 658 636 
26324 26776 24861 24619 21898 
945 1334 649 522 1248 1508 1604 1407 875 130 1155 953 1411 304 1287 584 565 394 995 542 889 857 507 645 538 1223 916 1414 704 736 1454 486 1374 703 732 243 589 1055 1287 810 286 1006 1029 1200 1120 1070 881 889 762 482 1024 528 958 919 633 520 754 938 270 949 524 839 1138 849 840 1260 900 676 908 306 1234 802 807 513 1217 1158 451 1422 916 862 748 1021 506 1097 1506 973 761 1244 1021 845 770 1287 1540 345 1191 641 1273 1182 382 1405 
1091 1023 878 222 1066 1016 1519 983 626 760 1105 665 1339 642 860 643 361 489 882 565 984 545 297 725 655 1326 805 1053 803 773 946 676 940 1029 433 341 799 1045 782 1087 317 860 1185 717 1359 734 944 669 506 342 874 478 709 1059 317 970 668 1208 482 867 917 1141 585 599 615 1383 585 630 794 433 792 782 792 448 973 856 664 518 1019 393 619 1002 656 605 959 806 421 1309 555 1032 914 1324 885 356 1105 535 1203 444 609 1072 
462 1058 480 454 795 531 1072 338 409 439 762 649 1066 351 833 639 431 519 678 775 659 497 357 711 533 991 485 1138 826 145 521 571 1028 548 417 439 462 695 303 1143 384 543 789 959 740 770 844 615 470 230 660 449 510 898 180 373 612 685 673 507 856 803 664 573 502 1036 545 303 707 665 743 955 902 510 691 653 419 590 874 572 877 1222 51 632 954 492 792 745 343 490 857 538 761 620 782 363 908 539 477 396 
383 751 96 63 268 913 605 744 107 -203 309 31 638 90 699 -127 9 112 548 60 499 268 -435 98 203 743 558 684 255 82 466 104 730 279 -137 -201 -317 270 235 219 84 652 545 472 619 504 273 56 123 -609 501 42 247 522 62 -242 119 502 -126 220 142 431 332 89 126 573 267 49 1 -410 436 272 81 75 562 172 -121 682 245 95 -291 405 90 182 540 198 -121 777 116 468 263 425 580 -184 704 -337 563 554 -385 696 
134 546 318 -243 192 -1 626 425 -35 32 365 349 672 -79 378 37 -202 312 540 188 701 61 -40 171 -74 451 53 429 -40 224 563 287 402 211 -330 -26 -3 365 336 602 109 612 306 95 464 274 441 -59 -27 -143 457 -14 103 268 -260 312 139 377 -308 243 641 339 384 332 -22 802 58 -4 -120 -179 600 -142 59 -25 424 475 197 384 453 -268 184 491 -266 296 598 137 144 448 256 260 513 567 531 -67 723 162 599 -78 -53 468 
-16 269 -101 -322 610 230 868 -30 -63 -99 211 -188 588 320 540 222 -154 531 525 -123 -146 -8 -1 -154 -7 305 -78 703 -39 -214 328 372 -31 -81 342 289 349 -5 -164 347 365 484 599 526 533 499 530 -134 -84 -66 432 -65 -117 295 -208 404 -228 -167 -139 -138 269 690 -58 -4 -128 644 -3 358 -17 243 240 220 358 253 331 461 -69 -66 497 -110 -79 400 -182 -198 782 512 -6 574 233 407 -65 -29 -115 386 590 -30 493 -5 -206 -19 
100 5 
22 941 982 821 7 16 471 932 107 465 692 528 391 431 442 68 183 642 784 554 4 723 334 683 219 708 102 878 286 167 149 977 574 624 984 99 447 945 814 454 617 865 482 333 887 244 669 105 26 592 277 76 372 565 408 345 524 786 406 441 20 704 217 167 748 151 518 606 596 170 369 184 491 364 874 317 235 975 481 901 225 320 786 678 613 252 529 652 70 816 284 468 482 691 683 591 128 53 664 431 
807 44 590 202 410 979 268 9 250 217 326 191 753 833 303 370 816 191 641 412 240 982 432 22 304 161 793 169 619 888 630 268 671 495 679 508 998 453 423 7 452 441 92 703 677 476 484 535 235 671 432 119 738 659 673 7 589 26 613 437 141 945 752 655 108 634 578 95 501 99 229 289 994 1000 179 390 770 785 577 94 529 92 797 727 53 24 193 168 73 310 109 924 628 80 190 663 279 454 904 106 
417 957 629 830 195 358 194 354 898 96 886 269 824 501 914 107 689 981 231 551 661 220 762 612 107 572 928 204 976 59 786 909 794 26 694 982 312 163 723 157 709 472 379 894 576 595 94 587 469 697 154 742 193 773 796 639 615 270 845 726 390 200 862 328 927 411 857 866 232 638 93 814 402 10 79 336 481 414 232 951 233 605 227 932 139 937 875 132 210 286 415 54 649 742 677 571 969 640 375 976 
779 424 839 29 425 301 140 571 101 181 362 439 142 401 467 385 910 23 407 139 268 691 933 546 50 965 55 606 319 41 630 346 946 41 475 194 547 202 536 343 697 697 794 676 603 44 88 669 311 992 8 165 716 590 590 636 288 260 28 322 929 437 599 79 892 120 255 158 319 297 373 540 399 946 282 813 576 455 595 193 320 916 574 632 963 351 636 827 228 669 836 294 768 917 851 351 642 942 645 455 
846 738 345 51 806 255 88 385 574 122 620 899 617 50 905 190 271 605 213 695 133 805 230 322 123 833 312 410 691 435 851 79 247 636 742 371 383 370 685 387 661 260 388 573 209 227 313 406 155 713 522 657 972 7 172 358 299 496 271 344 936 638 290 709 426 600 978 532 530 376 754 800 148 350 249 838 344 927 622 840 908 67 660 895 576 953 365 347 919 555 608 546 672 241 122 481 840 806 526 710 
23587 22266 26460 23724 25004 
556 125 736 557 301 6 111 16 704 952 408 492 163 938 315 949 670 1000 457 816 357 495 916 852 614 161 60 382 373 570 182 934 129 542 767 964 896 350 178 557 975 70 226 356 404 79 833 616 575 987 340 794 321 337 580 920 425 170 955 581 739 622 473 789 946 499 666 546 630 997 462 750 841 795 2 522 778 42 714 645 855 396 768 392 141 544 847 263 325 227 765 128 10 973 162 743 208 223 981 143 
413 794 494 821 348 961 63 962 799 242 352 337 111 559 889 595 914 576 312 323 153 888 287 627 888 634 424 365 374 85 650 265 711 204 816 595 111 707 774 138 687 131 279 775 191 217 181 750 890 776 484 655 662 662 995 248 718 321 533 391 81 253 879 540 959 118 989 781 678 787 424 721 623 833 986 141 66 983 449 654 458 675 515 718 486 881 726 386 796 229 398 335 624 283 182 589 153 945 272 849 
907 447 158 840 440 413 75 682 936 933 753 47 488 649 475 88 464 50 485 672 254 171 548 202 227 673 888 176 82 811 292 522 717 592 235 398 519 987 937 12 599 414 362 818 998 654 32 469 618 781 944 499 860 216 499 695 231 776 121 703 876 260 938 643 746 967 360 630 46 555 818 52 6 331 24 328 749 206 906 346 104 415 680 187 220 255 122 51 231 536 897 727 782 113 947 206 566 738 733 891 
547 399 669 818 623 164 859 960 509 365 351 949 25 197 264 678 581 500 285 422 802 200 287 968 674 379 733 455 956 967 829 154 902 240 70 212 878 160 900 594 582 365 49 368 156 68 99 554 145 319 303 423 257 348 915 905 684 562 217 471 532 334 601 729 566 886 824 253 606 618 418 217 153 725 701 451 402 372 820 111 770 205 698 976 370 449 378 633 566 240 13 689 385 319 341 863 462 630 91 525 
599 63 627 495 55 314 599 374 472 554 946 583 359 675 87 563 150 661 58 523 885 946 125 544 318 593 647 299 47 898 462 502 572 556 361 385 464 105 533 83 1 112 323 14 581 291 159 108 702 454 251 385 537 337 675 787 970 822 528 782 29 81 430 957 599 52 314 180 877 28 115 483 451 434 494 849 212 520 178 354 251 72 770 806 580 97 80 821 379 635 508 988 748 542 41 451 87 107 658 636 
26324 26776 24861 24619 21898 
979 1437 915 643 1150 1444 1167 1376 856 31 1310 1103 1536 326 1362 353 708 259 906 523 693 1270 817 664 302 1272 1171 1215 1010 768 1588 468 1296 784 1100 288 704 992 1615 573 491 1279 976 1285 1140 1156 620 851 601 964 793 423 1107 1010 731 289 937 947 376 871 486 830 1093 649 839 960 1063 790 910 209 1093 809 717 666 1081 1177 691 1772 820 1132 712 784 823 1424 1343 990 774 1127 1009 1113 652 1244 1678 565 1248 830 1332 1441 634 1422 
1085 1086 1103 304 929 913 1042 912 568 620 1221 776 1424 623 895 372 463 314 753 505 749 917 567 705 380 1335 1020 814 1069 765 1040 618 823 1070 761 346 874 942 1070 810 483 1093 1093 762 1339 781 643 590 305 783 604 334 818 1110 376 698 812 1176 549 749 839 1092 500 359 573 1043 708 704 756 295 611 750 662 561 798 835 864 829 883 622 542 726 933 893 755 784 394 1152 503 1260 757 1241 983 537 1122 684 1222 663 820 1049 
447 1112 697 527 650 419 587 259 342 291 869 752 1143 325 860 359 525 336 540 708 415 861 619 682 249 991 691 891 1084 129 607 505 902 581 736 436 528 584 583 857 541 768 688 996 711 808 535 528 261 664 381 296 611 941 230 93 747 645 731 380 770 746 570 326 452 688 660 368 661 519 554 915 763 614 507 623 611 892 730 793 792 937 320 911 742 461 757 581 283 710 691 447 851 793 791 504 918 749 680 364 
375 811 208 30 129 807 127 671 47 -344 423 139 721 38 732 -400 77 15 417 79 261 638 -167 43 6 750 771 443 518 72 558 12 611 318 188 -198 -245 165 522 21 135 884 450 515 596 549 50 56 1 -169 229 -216 353 571 6 -516 260 468 18 99 62 380 244 -264 82 231 388 8 -152 -550 253 237 -163 73 384 148 76 990 107 323 -370 126 253 468 334 174 -150 619 63 694 103 340 677 75 719 -190 580 771 -176 671 
126 607 542 -163 -54 -78 148 352 -96 -109 479 457 755 -99 411 -236 -102 135 409 126 463 431 227 148 -352 458 266 188 223 215 655 227 283 249 -5 -101 -37 260 622 323 273 843 212 138 441 318 138 -139 -230 296 184 -160 209 317 -204 -67 280 344 -244 123 561 288 297 -15 -37 459 179 -39 -160 -318 417 -176 -73 114 246 452 395 692 315 -41 -1 213 -98 581 392 113 115 289 202 486 353 482 627 111 738 309 616 138 156 443 
-41 330 333 -243 471 -102 390 -103 -124 -241 325 -97 671 299 572 -51 -70 354 394 -201 -173 572 477 -177 -285 312 -93 462 435 -224 420 312 -168 -42 668 292 422 -127 332 -159 528 715 505 569 510 544 227 -4 -77 374 -68 -1 -27 344 -152 -96 -86 -217 -91 -48 -38 639 -162 -245 -188 301 328 429 -58 -124 -170 -42 -1 364 -74 438 339 453 359 327 -175 -105 -135 297 577 488 -52 415 -48 634 -14 -114 -35 564 604 327 510 422 -14 -44 
100 5 
196 780 104 74 440 177 34 694 708 499 912 309 366 137 149 190 636 188 647 400 331 676 292 952 761 957 151 34 419 169 359 873 845 316 363 47 317 242 487 643 966 913 813 486 677 502 260 36 830 249 618 194 76 16 273 91 379 923 922 755 109 612 765 984 214 317 563 723 769 30 298 547 550 325 854 468 114 941 503 945 141 10 663 47 313 362 799 477 807 603 166 468 266 188 642 354 176 340 738 927 
916 485 585 316 549 903 579 478 148 60 412 447 448 359 573 391 513 563 630 596 526 484 570 782 96 328 781 241 619 908 47 89 511 662 981 552 602 846 123 47 723 347 196 61 183 215 574 122 549 346 966 626 32 480 486 378 975 345 416 588 981 339 241 715 777 962 790 541 598 619 216 772 416 940 879 923 27 763 712 48 692 857 750 966 676 300 786 7 447 431 986 563 489 682 897 76 571 969 828 493 
512 182 713 94 203 317 389 929 748 451 860 513 382 350 904 936 522 459 773 29 226 889 210 487 148 481 952 588 916 146 119 608 569 758 61 222 531 143 166 664 361 455 19 166 228 193 554 80 723 123 273 340 653 672 250 438 521 848 236 435 5 534 663 236 544 68 534 971 944 657 626 862 434 982 315 494 6 172 342 326 446 333 540 373 546 380 8 114 949 318 638 874 197 125 204 955 301 632 298 229 
459 284 625 253 88 737 933 57 658 949 114 131 412 785 888 702 816 725 597 738 794 763 407 767 485 254 694 795 649 162 811 956 955 792 299 484 994 688 417 487 763 300 927 102 356 742 987 441 848 66 106 150 504 17 149 748 100 674 829 942 251 169 727 416 248 133 224 659 305 298 439 953 366 651 350 767 102 733 102 5 890 876 133 951 773 174 65 824 834 713 281 803 324 429 687 714 91 66 720 803 
260 64 263 997 613 304 157 878 955 245 626 418 660 42 719 891 852 595 715 539 488 883 161 475 795 680 300 489 868 304 82 698 884 977 209 701 120 444 333 412 307 800 773 472 512 797 648 948 771 671 251 510 725 807 863 508 217 992 924 221 130 902 816 514 216 295 261 216 134 134 606 495 797 716 352 336 430 21 912 17 114 755 952 423 610 990 217 144 389 862 816 230 365 565 168 106 384 232 995 766 
22986 26540 22447 26202 26098 
556 125 736 557 301 6 111 16 704 952 408 492 163 938 315 949 670 1000 457 816 357 495 916 852 614 161 60 382 373 570 182 934 129 542 767 964 896 350 178 557 975 70 226 356 404 79 833 616 575 987 340 794 321 337 580 920 425 170 955 581 739 622 473 789 946 499 666 546 630 997 462 750 841 795 2 522 778 42 714 645 855 396 768 392 141 544 847 263 325 227 765 128 10 973 162 743 208 223 981 143 
413 794 494 821 348 961 63 962 799 242 352 337 111 559 889 595 914 576 312 323 153 888 287 627 888 634 424 365 374 85 650 265 711 204 816 595 111 707 774 138 687 131 279 775 191 217 181 750 890 776 484 655 662 662 995 248 718 321 533 391 81 253 879 540 959 118 989 781 678 787 424 721 623 833 986 141 66 983 449 654 458 675 515 718 486 881 726 386 796 229 398 335 624 283 182 589 153 945 272 849 
907 447 158 840 440 413 75 682 936 933 753 47 488 649 475 88 464 50 485 672 254 171 548 202 227 673 888 176 82 811 292 522 717 592 235 398 519 987 937 12 599 414 362 818 998 654 32 469 618 781 944 499 860 216 499 695 231 776 121 703 876 260 938 643 746 967 360 630 46 555 818 52 6 331 24 328 749 206 906 346 104 415 680 187 220 255 122 51 231 536 897 727 782 113 947 206 566 738 733 891 
547 399 669 818 623 164 859 960 509 365 351 949 25 197 264 678 581 500 285 422 802 200 287 968 674 379 733 455 956 967 829 154 902 240 70 212 878 160 900 594 582 365 49 368 156 68 99 554 145 319 303 423 257 348 915 905 684 562 217 471 532 334 601 729 566 886 824 253 606 618 418 217 153 725 701 451 402 372 820 111 770 205 698 976 370 449 378 633 566 240 13 689 385 319 341 863 462 630 91 525 
599 63 627 495 55 314 599 374 472 554 946 583 359 675 87 563 150 661 58 523 885 946 125 544 318 593 647 299 47 898 462 502 572 556 361 385 464 105 533 83 1 112 323 14 581 291 159 108 702 454 251 385 537 337 675 787 970 822 528 782 29 81 430 957 599 52 314 180 877 28 115 483 451 434 494 849 212 520 178 354 251 72 770 806 580 97 80 821 379 635 508 988 748 542 41 451 87 107 658 636 
26324 26776 24861 24619 21898 
834 1135 656 564 1121 1510 1314 1494 1074 215 1278 962 1404 177 1363 711 762 237 1083 473 865 1285 567 880 559 1125 1268 1151 1086 748 1222 557 1363 1081 728 219 640 999 1245 714 448 1255 1055 867 901 1289 855 676 1066 482 918 396 867 850 568 284 872 1296 569 965 259 716 1151 795 578 892 860 921 984 201 1127 970 703 815 1259 1196 305 1547 793 764 685 911 782 1164 1418 888 589 975 1354 1132 739 1335 1327 389 1223 700 1025 1270 687 1491 
979 825 884 264 939 1019 1229 1069 825 845 1228 674 1333 515 936 770 557 332 970 495 960 972 356 960 676 1227 1158 790 1185 785 714 747 929 1406 429 317 849 988 739 992 480 1109 1211 384 1140 953 918 455 810 342 768 346 618 990 252 734 787 1565 782 883 651 1019 599 545 353 1015 545 874 870 327 685 950 688 750 1015 894 519 644 896 295 556 892 932 672 870 722 249 1040 889 1318 884 1372 672 400 1137 593 955 532 914 1157 
321 830 458 467 639 504 753 395 579 495 856 629 1031 195 879 737 598 333 737 677 606 895 388 917 525 863 808 846 1179 128 260 613 988 897 384 386 483 609 231 1018 517 763 786 597 491 960 789 373 745 201 525 288 390 800 86 108 702 1013 944 494 561 652 648 490 211 639 476 518 755 530 607 1094 768 782 704 662 245 686 722 445 785 1083 298 670 836 379 592 448 647 748 798 557 518 636 785 393 631 598 753 452 
269 550 127 129 139 913 313 828 304 19 430 38 629 -151 772 136 91 91 634 127 473 693 -377 218 222 643 908 419 634 92 233 61 717 655 -143 -228 -269 211 191 121 132 900 569 137 397 721 244 -159 425 -611 393 -204 153 451 21 -480 236 857 170 234 13 306 343 59 -138 203 225 179 101 -518 327 438 1 262 602 207 -269 805 120 133 -357 292 252 247 449 111 -295 507 448 752 230 470 365 -142 734 -280 313 640 55 779 
-25 345 323 -203 62 -19 334 509 161 115 486 355 663 -208 451 162 -8 153 626 116 674 486 -29 404 -55 350 403 164 339 234 330 356 389 586 -337 -24 -1 306 291 504 270 859 330 -240 242 491 413 -274 274 -146 348 -148 -37 196 -327 74 256 733 -11 257 373 214 396 276 -257 431 -30 238 -46 -287 490 -22 -47 303 464 510 50 507 328 -368 119 379 -39 361 507 51 -29 177 588 544 480 612 315 -25 753 218 349 -39 249 551 
-164 -176 -130 -282 481 -14 576 -190 -111 -16 332 -215 579 -53 613 346 251 372 611 -228 -206 627 267 -166 -233 -40 272 438 551 -204 -150 441 -78 294 335 263 397 -98 -243 249 525 731 623 -54 311 716 502 -139 428 -68 323 -233 -244 -20 -275 -78 -111 399 369 -158 -243 565 -81 -60 -181 273 -79 600 -188 -109 -114 386 251 553 370 497 -6 267 372 -244 -178 288 -153 -167 691 426 -213 303 564 692 -132 -228 -120 428 619 -8 -1 291 306 -180 
100 5 
564 573 644 578 35 292 982 294 315 809 523 94 663 780 949 36 166 798 640 526 176 745 816 748 238 369 542 855 95 191 121 510 58 633 478 24 352 75 480 448 516 900 439 331 217 600 656 347 978 337 559 649 583 628 839 397 285 156 45 461 2 866 832 295 747 391 617 118 310 159 602 422 414 190 936 384 170 791 576 524 181 561 931 338 739 47 697 998 792 779 727 190 320 787 600 77 526 407 620 462 
69 120 707 768 617 344 512 212 763 553 141 463 598 582 691 647 772 404 238 295 375 302 842 771 338 363 496 99 915 41 102 799 190 413 362 422 747 290 485 775 403 429 759 676 605 474 670 170 211 440 750 721 203 285 7 467 814 346 498 214 379 148 809 873 937 607 345 313 982 523 768 945 131 148 814 203 595 107 62 105 519 86 497 930 460 319 199 918 143 367 628 39 5 81 843 37 437 918 174 824 
50 196 633 827 922 782 434 701 280 81 345 726 793 76 23 732 648 493 752 532 883 475 583 111 594 687 134 713 290 442 115 491 462 797 481 667 456 818 419 817 387 30 897 73 832 99 312 926 522 391 595 325 762 830 340 653 569 616 504 631 729 154 638 74 746 541 998 483 510 857 849 655 196 80 220 560 301 954 556 1000 919 92 16 617 909 703 313 881 67 242 835 358 386 911 192 789 751 909 305 130 
564 379 11 703 236 624 107 909 335 786 690 595 161 477 127 33 387 319 663 627 311 205 133 998 827 216 201 237 341 645 578 536 264 511 171 977 658 781 14 142 934 691 396 109 424 154 400 36 428 942 990 251 541 411 999 32 790 919 65 544 930 221 585 702 893 495 568 877 559 472 686 893 35 573 560 328 363 994 971 930 129 556 174 498 782 258 393 706 411 817 928 224 953 908 221 698 664 216 417 260 
890 113 529 561 741 55 816 259 722 134 960 787 58 952 303 567 377 642 99 110 761 521 374 12 927 939 208 902 732 213 680 437 387 616 8 155 325 34 466 134 494 206 454 55 181 875 905 650 919 261 797 403 776 53 267 100 622 113 161 761 110 364 755 176 267 388 715 753 690 662 632 570 991 105 831 951 101 644 788 91 87 537 223 817 865 854 375 833 358 960 752 331 752 966 787 165 601 638 833 741 
24132 22992 26091 25192 25309 
556 125 736 557 301 6 111 16 704 952 408 492 163 938 315 949 670 1000 457 816 357 495 916 852 614 161 60 382 373 570 182 934 129 542 767 964 896 350 178 557 975 70 226 356 404 79 833 616 575 987 340 794 321 337 580 920 425 170 955 581 739 622 473 789 946 499 666 546 630 997 462 750 841 795 2 522 778 42 714 645 855 396 768 392 141 544 847 263 325 227 765 128 10 973 162 743 208 223 981 143 
413 794 494 821 348 961 63 962 799 242 352 337 111 559 889 595 914 576 312 323 153 888 287 627 888 634 424 365 374 85 650 265 711 204 816 595 111 707 774 138 687 131 279 775 191 217 181 750 890 776 484 655 662 662 995 248 718 321 533 391 81 253 879 540 959 118 989 781 678 787 424 721 623 833 986 141 66 983 449 654 458 675 515 718 486 881 726 386 796 229 398 335 624 283 182 589 153 945 272 849 
907 447 158 840 440 413 75 682 936 933 753 47 488 649 475 88 464 50 485 672 254 171 548 202 227 673 888 176 82 811 292 522 717 592 235 398 519 987 937 12 599 414 362 818 998 654 32 469 618 781 944 499 860 216 499 695 231 776 121 703 876 260 938 643 746 967 360 630 46 555 818 52 6 331 24 328 749 206 906 346 104 415 680 187 220 255 122 51 231 536 897 727 782 113 947 206 566 738 733 891 
547 399 669 818 623 164 859 960 509 365 351 949 25 197 264 678 581 500 285 422 802 200 287 968 674 379 733 455 956 967 829 154 902 240 70 212 878 160 900 594 582 365 49 368 156 68 99 554 145 319 303 423 257 348 915 905 684 562 217 471 532 334 601 729 566 886 824 253 606 618 418 217 153 725 701 451 402 372 820 111 770 205 698 976 370 449 378 633 566 240 13 689 385 319 341 863 462 630 91 525 
599 63 627 495 55 314 599 374 472 554 946 583 359 675 87 563 150 661 58 523 885 946 125 544 318 593 647 299 47 898 462 502 572 556 361 385 464 105 533 83 1 112 323 14 581 291 159 108 702 454 251 385 537 337 675 787 970 822 528 782 29 81 430 957 599 52 314 180 877 28 115 483 451 434 494 849 212 520 178 354 251 72 770 806 580 97 80 821 379 635 508 988 748 542 41 451 87 107 658 636 
26324 26776 24861 24619 21898 
797 1057 707 909 1257 1446 1470 1366 918 252 1229 1136 1409 420 1139 497 568 267 894 435 897 1000 793 720 691 1104 1013 1288 871 721 1262 471 887 978 650 271 639 930 1317 731 375 1148 1103 863 966 1244 843 781 938 669 1218 506 1047 897 658 186 1054 974 163 904 398 560 1237 650 901 1026 1039 812 1049 392 1402 946 548 316 1385 1088 480 1724 874 1030 600 715 547 1256 1589 887 614 1534 1028 1184 940 980 1486 726 1236 616 1320 1445 445 1335 
943 746 935 609 1075 955 1385 941 669 881 1180 848 1338 758 712 556 364 362 780 457 993 687 582 800 808 1206 903 926 970 758 754 661 453 1304 351 369 848 919 811 1008 407 1002 1259 379 1204 908 907 560 682 529 1068 456 797 1037 343 635 969 1243 375 822 791 863 684 400 676 1148 724 765 935 518 960 926 533 251 1142 785 693 820 977 561 471 697 697 764 1042 721 274 1599 562 1370 1085 1017 831 737 1150 510 1251 706 672 1002 
312 779 536 840 803 468 937 295 451 559 835 831 1064 466 683 550 433 390 575 667 666 638 641 784 684 870 581 1010 992 129 328 555 539 822 333 466 510 568 331 1062 472 684 861 620 584 943 805 505 645 417 852 425 597 875 204 37 911 719 565 460 728 523 762 373 561 800 683 437 847 749 909 1098 641 311 858 581 447 890 830 739 727 915 90 790 1036 406 644 1034 348 828 1026 230 705 1001 826 337 954 799 539 324 
228 467 35 331 270 845 465 696 144 19 377 207 630 88 544 -221 1 85 440 53 501 404 -156 54 349 617 649 551 415 61 268 78 237 548 -226 -180 -274 138 258 134 55 788 612 128 458 672 228 48 293 -428 688 9 328 494 76 -583 413 531 -240 168 9 145 424 -228 180 332 399 66 22 -331 597 409 -297 -241 724 95 8 977 196 257 -446 92 12 335 616 106 -274 1061 117 800 427 111 520 191 743 -368 604 810 -329 619 
-20 262 369 137 194 -41 486 377 -46 147 433 525 664 -16 223 -57 -206 178 432 74 703 197 239 239 72 325 144 296 119 203 365 266 -91 479 -419 -24 -7 233 359 517 192 748 374 -249 302 442 397 -174 142 -10 644 -42 184 239 -241 -28 433 406 -422 191 507 53 477 127 60 561 190 125 -33 -100 761 -5 -206 -200 586 398 220 679 405 -107 -18 179 -232 449 674 -1 -9 731 257 592 677 253 470 307 762 131 640 177 -44 391 
-149 -14 -27 -130 612 -26 728 -78 -27 -173 279 198 580 429 385 -61 -135 397 417 -26 -122 338 488 -86 -49 -9 -175 570 332 -235 -58 350 -314 -1 253 311 392 -115 -119 261 448 620 667 -6 372 667 486 -39 295 -73 619 -71 -13 267 -189 -124 -122 -116 -42 -168 -53 405 244 -209 -52 403 339 487 -72 322 401 357 -96 -139 493 384 -24 439 449 261 -23 -100 -148 -23 859 421 -137 857 233 740 309 -343 -153 761 628 -40 534 461 -128 -96 
100 5 
898 137 865 892 976 857 353 15 11 215 98 834 43 374 17 371 903 227 661 296 519 721 111 142 513 328 983 89 893 733 933 642 519 728 138 92 927 489 938 781 730 104 618 917 7 405 81 560 617 214 696 4 455 234 209 465 348 520 474 931 383 585 54 232 827 69 511 945 588 961 53 443 534 140 60 692 670 236 762 940 677 483 668 777 575 120 947 296 304 543 210 772 761 448 804 432 29 424 71 892 
703 58 931 130 191 4 65 501 240 353 211 598 683 241 112 439 593 450 740 723 387 245 896 28 282 785 975 906 350 712 268 908 951 908 476 656 716 871 631 530 326 660 326 543 252 497 619 886 389 177 747 291 927 436 597 347 907 173 567 543 333 959 140 576 644 286 104 63 677 950 351 730 936 175 513 5 87 219 679 86 474 901 641 231 732 954 199 57 227 836 324 149 538 378 321 250 30 849 207 774 
963 713 946 429 12 560 317 138 373 871 834 80 296 102 535 999 929 136 951 951 770 109 198 758 78 220 569 890 759 365 153 205 941 360 190 491 669 824 99 549 381 252 293 747 240 835 515 435 735 45 461 964 465 978 884 553 616 227 470 526 644 250 749 460 836 122 524 852 648 926 889 302 167 587 321 735 553 877 182 139 308 82 697 800 640 536 520 942 833 176 502 496 671 335 85 99 583 496 908 57 
399 635 464 149 36 900 772 836 188 347 808 864 667 71 451 307 326 298 289 789 424 338 434 206 224 29 456 603 975 938 734 417 2 671 344 298 612 710 399 74 728 711 714 352 842 403 643 798 955 654 510 111 710 482 930 906 621 155 597 139 587 239 218 852 704 561 257 878 70 802 10 386 462 382 354 733 417 200 785 263 592 573 321 682 186 640 246 611 353 419 526 867 475 616 399 586 457 787 139 704 
602 456 541 474 309 123 233 358 760 843 213 696 772 742 760 664 740 108 998 482 770 403 465 99 784 85 679 147 310 939 438 352 185 983 288 116 125 572 63 804 24 215 158 928 359 658 381 440 741 445 626 213 464 571 848 371 209 693 353 440 550 953 810 14 114 192 603 391 399 18 531 565 145 226 446 863 994 233 710 851 109 708 930 38 355 501 617 140 695 217 773 368 794 718 887 642 701 619 502 524 
36577 36182 38612 37338 36798 
556 125 736 557 301 6 111 16 704 952 408 492 163 938 315 949 670 1000 457 816 357 495 916 852 614 161 60 382 373 570 182 934 129 542 767 964 896 350 178 557 975 70 226 356 404 79 833 616 575 987 340 794 321 337 580 920 425 170 955 581 739 622 473 789 946 499 666 546 630 997 462 750 841 795 2 522 778 42 714 645 855 396 768 392 141 544 847 263 325 227 765 128 10 973 162 743 208 223 981 143 
413 794 494 821 348 961 63 962 799 242 352 337 111 559 889 595 914 576 312 323 153 888 287 627 888 634 424 365 374 85 650 265 711 204 816 595 111 707 774 138 687 131 279 775 191 217 181 750 890 776 484 655 662 662 995 248 718 321 533 391 81 253 879 540 959 118 989 781 678 787 424 721 623 833 986 141 66 983 449 654 458 675 515 718 486 881 726 386 796 229 398 335 624 283 182 589 153 945 272 849 
907 447 158 840 440 413 75 682 936 933 753 47 488 649 475 88 464 50 485 672 254 171 548 202 227 673 888 176 82 811 292 522 717 592 235 398 519 987 937 12 599 414 362 818 998 654 32 469 618 781 944 499 860 216 499 695 231 776 121 703 876 260 938 643 746 967 360 630 46 555 818 52 6 331 24 328 749 206 906 346 104 415 680 187 220 255 122 51 231 536 897 727 782 113 947 206 566 738 733 891 
547 399 669 818 623 164 859 960 509 365 351 949 25 197 264 678 581 500 285 422 802 200 287 968 674 379 733 455 956 967 829 154 902 240 70 212 878 160 900 594 582 365 49 368 156 68 99 554 145 319 303 423 257 348 915 905 684 562 217 471 532 334 601 729 566 886 824 253 606 618 418 217 153 725 701 451 402 372 820 111 770 205 698 976 370 449 378 633 566 240 13 689 385 319 341 863 462 630 91 525 
599 63 627 495 55 314 599 374 472 554 946 583 359 675 87 563 150 661 58 523 885 946 125 544 318 593 647 299 47 898 462 502 572 556 361 385 464 105 533 83 1 112 323 14 581 291 159 108 702 454 251 385 537 337 675 787 970 822 528 782 29 81 430 957 599 52 314 180 877 28 115 483 451 434 494 849 212 520 178 354 251 72 770 806 580 97 80 821 379 635 508 988 748 542 41 451 87 107 658 636 
39485 40164 37292 36928 32846 
1138 1236 1007 692 1107 1571 1303 1316 805 361 1186 1273 1503 209 1151 706 852 35 1199 721 1026 969 720 494 538 934 1485 1309 1109 1208 1504 477 1190 1170 693 209 797 1279 1426 871 322 1141 992 1367 910 1419 758 1035 1070 558 1143 408 1134 1052 917 440 1034 953 456 953 523 863 963 709 864 843 846 985 971 645 1117 790 699 454 1108 1264 774 1434 963 1012 721 954 886 1177 1392 1057 780 1131 1212 1045 689 1338 1707 551 1263 721 1140 1518 397 1497 
1208 849 1160 316 849 1004 1142 816 480 914 1060 909 1355 470 648 688 572 54 1009 667 1045 581 433 498 579 961 1299 872 1132 1169 920 591 680 1419 318 230 930 1192 844 1073 278 919 1072 808 1072 1007 746 738 737 342 917 283 808 1116 526 814 873 1147 592 795 840 1089 334 383 562 890 455 862 781 695 599 694 608 313 788 886 911 455 989 466 516 859 960 609 768 815 364 1120 670 1155 758 1298 975 486 1100 538 995 703 547 1088 
585 890 769 555 585 525 702 177 270 600 724 900 1089 186 627 690 648 90 812 885 727 539 500 490 463 632 985 963 1162 547 502 493 774 945 308 335 600 850 372 1134 351 608 682 1056 459 1050 652 691 708 237 710 260 616 961 395 223 823 630 790 441 785 757 420 364 456 549 421 542 701 934 556 873 724 381 512 689 673 533 851 652 780 1086 361 643 770 507 742 564 464 620 707 520 858 757 784 373 706 804 422 418 
514 590 280 58 65 914 243 590 135 125 278 288 668 -179 501 91 121 -309 689 176 574 317 -284 -227 141 392 1065 517 598 492 454 80 484 684 -239 -298 -172 432 312 218 105 725 445 577 346 791 88 139 368 -595 558 -251 359 593 172 -384 337 454 157 161 78 392 95 -225 87 94 151 183 48 24 256 197 -201 1 391 215 139 632 229 183 -381 275 295 201 363 220 -164 603 245 605 120 413 685 119 713 -320 368 827 -433 726 
265 386 614 -135 -11 -67 263 272 -168 200 334 606 702 -236 179 96 -73 -109 682 304 775 110 110 -41 -136 100 560 261 302 634 551 216 156 615 -432 -95 142 527 412 601 -12 685 207 199 191 561 256 -72 218 -130 514 -195 215 338 -38 170 358 330 -184 184 577 300 147 130 -32 322 -58 242 -119 97 420 -217 -111 -118 253 518 458 334 438 -181 -1 362 -44 314 421 160 101 273 385 397 370 555 635 -19 732 179 404 194 -101 498 
325 -98 405 -214 407 232 506 -184 -196 -139 -27 279 618 -45 341 280 281 -97 666 -3 -68 251 359 -367 -69 -46 429 535 514 -12 316 301 -67 323 240 -15 494 366 -85 346 339 557 499 630 260 786 345 -48 371 -52 489 -36 -1 366 -193 262 -9 -3 -12 -194 -2 651 -85 -206 -164 -43 -117 604 -17 518 -147 -62 -19 -75 -48 505 402 -113 482 -20 -166 271 -72 -177 605 535 -46 399 361 545 -205 -41 -7 529 599 -10 298 478 -44 -197 
100 5 
943 948 984 859 801 768 229 497 299 88 113 685 24 169 28 112 906 639 14 287 619 446 956 665 300 431 313 257 886 575 948 851 882 182 205 551 1 956 111 455 186 76 325 247 767 382 924 481 262 869 204 974 952 509 805 965 284 978 643 851 849 329 282 510 901 855 521 577 881 291 598 606 800 493 964 951 971 739 759 747 791 839 203 681 729 682 952 622 870 39 86 798 693 39 632 900 729 192 970 346 
184 613 282 608 85 476 48 604 501 49 4 253 227 405 348 47 277 14 91 638 931 998 336 523 714 35 260 327 877 145 417 803 822 409 34 875 1000 352 951 246 388 696 413 799 325 615 335 856 324 665 431 771 586 198 683 985 681 523 639 318 873 697 854 267 340 280 632 977 593 786 410 526 65 479 713 569 154 852 916 661 230 674 156 703 739 552 541 752 225 128 449 786 798 562 97 58 218 706 363 705 
929 402 218 930 667 848 304 276 572 693 739 853 829 963 659 570 383 699 919 232 915 353 115 169 52 481 858 872 334 47 27 4 87 87 829 484 426 824 401 14 987 282 276 663 582 865 74 658 222 9 881 65 718 816 571 757 281 697 369 709 971 78 327 576 467 995 756 51 279 618 358 337 54 490 127 93 355 295 746 17 47 416 156 572 771 11 426 133 920 712 62 874 878 920 249 511 255 539 639 567 
97 316 805 788 517 918 716 751 716 347 763 613 202 816 62 304 145 850 800 729 486 527 425 510 906 108 751 888 416 402 942 504 385 351 352 527 369 502 827 83 95 230 189 568 48 139 976 957 312 359 253 505 749 174 1 65 604 755 467 707 472 222 25 943 582 571 45 474 154 833 603 538 399 31 296 762 728 575 169 459 145 671 625 574 261 180 768 827 926 925 75 656 190 976 536 267 993 471 446 470 
734 608 782 477 393 720 867 993 170 45 739 650 452 341 427 734 661 802 757 388 760 794 696 879 659 64 787 468 161 124 89 42 223 715 227 259 784 679 360 982 392 732 677 138 439 32 685 779 69 863 359 413 856 881 426 745 286 221 146 770 726 554 951 942 517 842 89 84 441 868 510 442 119 621 31 604 717 823 630 884 926 381 560 405 441 891 338 5 960 376 876 77 33 360 520 74 367 636 954 225 
42813 36845 36146 37149 39151 
556 125 736 557 301 6 111 16 704 952 408 492 163 938 315 949 670 1000 457 816 357 495 916 852 614 161 60 382 373 570 182 934 129 542 767 964 896 350 178 557 975 70 226 356 404 79 833 616 575 987 340 794 321 337 580 920 425 170 955 581 739 622 473 789 946 499 666 546 630 997 462 750 841 795 2 522 778 42 714 645 855 396 768 392 141 544 847 263 325 227 765 128 10 973 162 743 208 223 981 143 
413 794 494 821 348 961 63 962 799 242 352 337 111 559 889 595 914 576 312 323 153 888 287 627 888 634 424 365 374 85 650 265 711 204 816 595 111 707 774 138 687 131 279 775 191 217 181 750 890 776 484 655 662 662 995 248 718 321 533 391 81 253 879 540 959 118 989 781 678 787 424 721 623 833 986 141 66 983 449 654 458 675 515 718 486 881 726 386 796 229 398 335 624 283 182 589 153 945 272 849 
907 447 158 840 440 413 75 682 936 933 753 47 488 649 475 88 464 50 485 672 254 171 548 202 227 673 888 176 82 811 292 522 717 592 235 398 519 987 937 12 599 414 362 818 998 654 32 469 618 781 944 499 860 216 499 695 231 776 121 703 876 260 938 643 746 967 360 630 46 555 818 52 6 331 24 328 749 206 906 346 104 415 680 187 220 255 122 51 231 536 897 727 782 113 947 206 566 738 733 891 
547 399 669 818 623 164 859 960 509 365 351 949 25 197 264 678 581 500 285 422 802 200 287 968 674 379 733 455 956 967 829 154 902 240 70 212 878 160 900 594 582 365 49 368 156 68 99 554 145 319 303 423 257 348 915 905 684 562 217 471 532 334 601 729 566 886 824 253 606 618 418 217 153 725 701 451 402 372 820 111 770 205 698 976 370 449 378 633 566 240 13 689 385 319 341 863 462 630 91 525 
599 63 627 495 55 314 599 374 472 554 946 583 359 675 87 563 150 661 58 523 885 946 125 544 318 593 647 299 47 898 462 502 572 556 361 385 464 105 533 83 1 112 323 14 581 291 159 108 702 454 251 385 537 337 675 787 970 822 528 782 29 81 430 957 599 52 314 180 877 28 115 483 451 434 494 849 212 520 178 354 251 72 770 806 580 97 80 821 379 635 508 988 748 542 41 451 87 107 658 636 
39485 40164 37292 36928 32846 
954 1365 824 961 1246 1780 1340 1522 894 31 1176 1221 1309 393 1032 454 580 344 939 479 1146 1181 756 748 640 820 1298 1296 938 680 1435 365 1101 740 686 369 655 1200 1481 631 245 1107 897 1104 953 1217 861 1109 572 755 912 589 1253 979 672 567 873 1186 368 1060 753 593 1008 881 752 1257 806 743 916 544 1197 746 489 527 1146 1206 766 1690 934 1061 668 952 526 1210 1434 922 831 1141 1461 994 483 1397 1529 574 1122 632 1244 1343 657 1321 
992 947 945 554 957 1181 1147 990 538 553 1019 826 1130 623 498 406 268 331 718 394 1134 761 438 721 649 815 1080 827 930 610 819 447 560 958 280 359 756 1082 868 801 170 854 946 514 1085 774 817 780 208 508 655 432 896 1011 249 909 680 1348 473 870 1039 788 348 524 419 1273 384 589 694 563 648 619 367 354 795 796 872 679 930 484 432 826 568 611 779 648 383 1099 888 1073 520 1326 766 478 928 419 1067 497 776 881 
465 1084 649 888 788 798 802 448 422 334 778 912 959 435 573 503 440 463 616 707 911 815 601 808 629 582 862 1014 1055 84 497 444 750 580 366 559 521 835 491 958 338 639 652 857 567 912 819 829 274 499 543 504 800 952 214 414 726 927 766 612 1080 552 529 600 408 1028 446 364 709 897 701 894 578 518 615 695 729 852 887 766 791 1148 65 740 876 436 857 638 777 634 565 643 744 845 707 349 874 694 746 306 
378 768 145 376 253 1171 327 845 112 -316 317 285 522 53 431 -271 -102 47 478 66 742 578 -200 75 291 326 927 552 475 13 434 -143 444 302 -197 -90 -266 401 416 27 1 740 399 363 438 638 239 261 2 -349 376 61 527 568 59 -209 224 736 41 316 357 171 188 79 24 556 159 73 -118 -187 385 202 -363 45 478 205 180 936 249 280 -385 322 67 282 453 133 18 661 543 603 46 521 555 31 621 -359 521 701 -124 598 
129 563 479 182 176 285 348 526 -30 -81 373 603 556 -3 109 -106 -201 248 470 111 944 371 195 261 -67 -46 422 297 180 155 531 152 116 234 -390 113 -32 496 516 410 -25 700 161 -15 283 408 407 146 -231 116 331 -47 383 313 -234 345 245 611 -224 340 856 -1 241 351 -96 785 -49 -32 -126 -36 549 -212 -272 -77 340 509 499 638 458 -83 90 409 -260 396 511 -7 200 332 683 395 213 663 506 148 640 139 557 -12 207 370 
-93 287 -12 -179 595 489 590 -211 -58 -213 -63 -6 472 395 -11 -204 -225 467 455 -272 307 512 444 -65 -202 -111 290 571 392 -283 295 -45 -107 -58 282 401 400 336 -56 -128 311 572 454 416 352 633 496 -1 -78 -88 306 -89 374 341 -182 437 -122 -5 -126 -114 484 430 -274 -268 -20 627 -183 410 -24 466 -93 -132 -256 -29 -35 495 443 398 502 285 -245 318 -176 -170 696 448 -21 458 659 543 -155 -215 -212 602 507 -125 450 352 -17 -117 
100 5 
853 339 861 343 424 282 830 442 222 447 925 139 524 606 840 490 39 741 926 518 843 425 410 788 196 801 255 202 285 757 864 673 641 212 7 22 596 216 761 824 505 83 403 687 210 69 271 177 49 564 821 923 842 347 618 673 596 718 785 518 907 170 100 58 127 912 344 575 538 835 339 130 644 886 335 362 271 319 116 114 650 801 639 141 29 173 421 486 849 806 717 525 461 231 328 929 136 429 369 649 
265 915 629 656 640 721 921 636 35 756 46 173 56 460 93 741 622 200 138 20 890 26 779 232 858 242 325 807 971 787 475 500 962 40 437 923 740 716 489 285 767 820 173 450 965 813 952 666 541 604 531 521 511 906 363 718 946 388 843 130 24 740 108 457 212 977 780 906 209 190 191 461 130 670 120 265 161 627 878 628 568 209 871 159 521 397 917 671 742 500 378 796 936 606 381 918 304 839 418 268 
630 569 771 85 493 579 257 859 211 703 896 179 194 718 173 325 744 788 481 779 662 755 866 387 666 897 462 589 925 921 855 364 372 466 101 684 87 394 622 391 932 336 854 943 305 948 895 331 91 95 990 874 521 281 987 177 959 159 647 245 395 865 267 231 586 532 412 90 849 684 537 245 227 551 192 617 189 899 467 481 954 61 206 557 839 246 165 661 342 966 288 734 739 189 110 134 209 141 226 439 
578 593 760 261 248 172 246 735 70 378 602 464 582 231 480 499 537 769 32 256 360 854 633 512 613 61 280 490 728 238 494 475 778 681 28 200 468 519 640 603 341 146 149 959 934 877 291 980 166 851 964 832 644 161 521 804 375 299 184 938 183 959 991 479 122 83 357 276 142 407 429 364 26 307 538 566 594 71 713 584 982 836 8 951 306 949 386 672 20 293 672 342 863 239 551 570 682 888 899 395 
543 685 191 539 84 844 570 109 628 612 408 431 874 483 30 860 83 83 787 254 705 155 335 182 375 511 668 403 696 760 623 684 262 161 165 878 643 158 861 796 881 29 402 18 202 665 796 263 886 618 571 757 528 39 508 698 344 471 663 780 38 546 167 191 907 210 646 279 1000 993 467 364 291 417 541 607 653 902 820 88 20 180 788 461 449 47 201 819 481 542 217 501 820 207 916 653 639 937 828 405 
36209 39711 38244 36944 37107 
556 125 736 557 301 6 111 16 704 952 408 492 163 938 315 949 670 1000 457 816 357 495 916 852 614 161 60 382 373 570 182 934 129 542 767 964 896 350 178 557 975 70 226 356 404 79 833 616 575 987 340 794 321 337 580 920 425 170 955 581 739 622 473 789 946 499 666 546 630 997 462 750 841 795 2 522 778 42 714 645 855 396 768 392 141 544 847 263 325 227 765 128 10 973 162 743 208 223 981 143 
413 794 494 821 348 961 63 962 799 242 352 337 111 559 889 595 914 576 312 323 153 888 287 627 888 634 424 365 374 85 650 265 711 204 816 595 111 707 774 138 687 131 279 775 191 217 181 750 890 776 484 655 662 662 995 248 718 321 533 391 81 253 879 540 959 118 989 781 678 787 424 721 623 833 986 141 66 983 449 654 458 675 515 718 486 881 726 386 796 229 398 335 624 283 182 589 153 945 272 849 
907 447 158 840 440 413 75 682 936 933 753 47 488 649 475 88 464 50 485 672 254 171 548 202 227 673 888 176 82 811 292 522 717 592 235 398 519 987 937 12 599 414 362 818 998 654 32 469 618 781 944 499 860 216 499 695 231 776 121 703 876 260 938 643 746 967 360 630 46 555 818 52 6 331 24 328 749 206 906 346 104 415 680 187 220 255 122 51 231 536 897 727 782 113 947 206 566 738 733 891 
547 399 669 818 623 164 859 960 509 365 351 949 25 197 264 678 581 500 285 422 802 200 287 968 674 379 733 455 956 967 829 154 902 240 70 212 878 160 900 594 582 365 49 368 156 68 99 554 145 319 303 423 257 348 915 905 684 562 217 471 532 334 601 729 566 886 824 253 606 618 418 217 153 725 701 451 402 372 820 111 770 205 698 976 370 449 378 633 566 240 13 689 385 319 341 863 462 630 91 525 
599 63 627 495 55 314 599 374 472 554 946 583 359 675 87 563 150 661 58 523 885 946 125 544 318 593 647 299 47 898 462 502 572 556 361 385 464 105 533 83 1 112 323 14 581 291 159 108 702 454 251 385 537 337 675 787 970 822 528 782 29 81 430 957 599 52 314 180 877 28 115 483 451 434 494 849 212 520 178 354 251 72 770 806 580 97 80 821 379 635 508 988 748 542 41 451 87 107 658 636 
39485 40164 37292 36928 32846 
922 1379 823 576 1102 1525 1443 1425 646 336 1251 858 1379 325 1022 655 482 230 866 361 1066 971 826 590 626 1070 1073 1203 1095 1085 1584 434 1196 674 476 342 616 909 1597 826 492 958 888 1204 1015 1456 874 817 651 720 1233 796 1061 781 746 448 1061 929 511 882 255 844 818 488 552 1062 876 707 965 457 1065 540 436 641 1036 1064 526 1567 860 858 846 745 659 1048 1245 792 615 1306 1139 1150 599 1310 1745 268 1143 882 1097 1452 502 1261 
1138 1139 1122 348 991 1104 1429 1072 468 1037 1272 641 1378 733 666 785 348 396 824 454 1233 730 686 741 814 1243 1034 912 1265 1193 1146 695 833 1071 247 510 896 969 1162 1174 594 883 1115 791 1325 1191 1008 667 466 650 1154 817 882 992 501 969 1046 1269 794 871 719 1217 336 308 398 1256 632 731 921 654 694 591 492 647 864 833 810 735 1034 459 788 797 880 627 769 696 346 1442 744 1408 814 1417 1161 350 1128 847 1098 784 799 998 
505 1170 720 575 717 614 978 423 247 712 925 621 1101 439 634 776 414 422 615 661 904 678 743 723 688 904 709 993 1284 561 717 586 916 586 227 605 555 616 679 1225 657 562 715 1029 701 1223 904 609 426 535 936 783 680 826 360 368 986 742 981 506 654 875 411 279 281 905 588 400 831 883 641 760 598 704 577 626 561 802 885 634 1041 1013 271 650 760 378 713 875 527 862 753 628 1032 611 801 671 799 875 663 318 
375 811 173 20 138 945 459 777 -106 18 421 54 621 14 449 61 -171 65 434 -106 692 397 1 48 306 605 731 488 661 447 611 58 567 266 -378 15 -275 139 560 251 193 620 419 491 529 906 281 101 28 -356 726 213 364 399 78 -299 441 508 129 168 -111 451 27 -368 -147 390 259 85 62 -244 282 25 -386 105 397 93 71 843 204 106 -178 143 146 149 294 33 -252 855 249 788 107 462 801 -245 671 21 402 839 -251 567 
126 606 507 -173 -19 -22 480 458 -249 254 477 269 656 -43 128 123 -271 163 427 -60 893 190 294 132 -52 313 226 233 366 589 708 250 239 197 -572 115 -42 234 660 634 331 579 181 113 374 676 450 -116 -123 109 681 269 220 145 -132 256 461 383 -52 191 387 359 -1 -13 -266 619 -32 -40 -48 -12 446 -389 -296 146 259 396 287 545 413 -258 297 230 -98 262 352 -28 -68 526 389 580 357 604 751 -128 690 418 438 206 81 339 
-105 329 298 -252 480 -28 722 -287 -277 -168 323 -57 572 356 -1 307 -11 382 411 -78 -33 331 543 -194 -195 -123 -196 507 578 -140 473 335 -274 -94 -190 403 391 -216 370 378 586 451 474 544 443 901 539 -272 -260 -103 656 429 -79 -118 -80 348 -196 -241 328 -270 -275 710 -152 -349 -190 461 -92 403 -236 409 -204 -27 -288 396 -124 382 -59 305 457 -180 -46 -151 -14 -21 537 347 -216 652 366 728 -10 -282 316 325 557 436 332 490 -152 -148 
100 5 
919 752 389 678 803 595 171 211 52 449 38 658 673 470 256 447 834 329 937 998 325 918 33 576 448 118 825 928 306 393 53 100 535 495 794 659 951 705 232 627 566 163 438 408 329 638 7 892 965 6 648 10 624 848 958 360 828 514 266 983 335 368 77 124 84 42 993 116 95 6 957 946 18 670 846 248 746 194 573 30 393 420 573 285 434 430 657 947 791 147 296 332 722 927 135 69 453 728 818 352 
866 178 155 678 969 371 686 424 829 867 330 908 781 305 376 664 204 13 809 191 288 130 17 215 106 392 861 478 154 458 693 439 296 548 682 793 994 930 46 26 113 337 398 262 650 662 777 986 317 136 141 638 519 679 198 334 224 961 93 279 948 632 938 58 586 325 602 946 686 274 534 213 606 859 105 980 767 523 623 3 326 445 822 55 773 665 895 2 283 250 881 393 842 609 161 191 639 364 418 481 
956 828 958 985 645 338 755 479 453 647 588 467 414 237 229 899 50 65 292 908 588 221 551 890 701 318 865 432 224 867 684 967 501 48 646 110 574 557 628 789 579 595 471 738 469 920 248 312 204 814 932 203 146 480 872 68 404 415 380 372 44 215 87 122 800 350 822 965 63 950 747 936 265 118 663 481 12 781 976 128 878 578 953 719 901 515 588 910 616 588 928 515 972 371 899 660 885 949 302 997 
27 827 346 631 720 306 918 662 730 757 253 633 725 355 82 520 430 696 420 856 784 716 23 830 279 245 759 444 269 558 725 957 471 613 400 506 399 437 578 627 784 432 360 573 188 337 942 279 709 37 598 498 908 784 71 963 405 558 357 562 856 384 397 439 109 379 92 186 79 591 580 487 893 733 855 612 24 750 679 738 416 898 27 189 773 967 841 28 727 214 355 22 492 668 908 339 821 846 352 445 
551 578 221 195 786 5 970 868 243 80 868 483 634 825 891 431 179 706 158 48 252 996 91 825 116 146 980 855 886 78 314 517 928 236 923 773 54 936 219 687 941 543 140 865 840 472 45 418 12 473 972 47 925 801 179 121 445 282 923 565 752 554 859 89 569 902 935 551 457 397 17 795 460 925 488 844 917 608 859 101 179 468 596 193 858 405 677 520 985 107 947 812 268 636 76 537 154 407 329 696 
36381 36418 42169 39038 39353 
556 125 736 557 301 6 111 16 704 952 408 492 163 938 315 949 670 1000 457 816 357 495 916 852 614 161 60 382 373 570 182 934 129 542 767 964 896 350 178 557 975 70 226 356 404 79 833 616 575 987 340 794 321 337 580 920 425 170 955 581 739 622 473 789 946 499 666 546 630 997 462 750 841 795 2 522 778 42 714 645 855 396 768 392 141 544 847 263 325 227 765 128 10 973 162 743 208 223 981 143 
413 794 494 821 348 961 63 962 799 242 352 337 111 559 889 595 914 576 312 323 153 888 287 627 888 634 424 365 374 85 650 265 711 204 816 595 111 707 774 138 687 131 279 775 191 217 181 750 890 776 484 655 662 662 995 248 718 321 533 391 81 253 879 540 959 118 989 781 678 787 424 721 623 833 986 141 66 983 449 654 458 675 515 718 486 881 726 386 796 229 398 335 624 283 182 589 153 945 272 849 
907 447 158 840 440 413 75 682 936 933 753 47 488 649 475 88 464 50 485 672 254 171 548 202 227 673 888 176 82 811 292 522 717 592 235 398 519 987 937 12 599 414 362 818 998 654 32 469 618 781 944 499 860 216 499 695 231 776 121 703 876 260 938 643 746 967 360 630 46 555 818 52 6 331 24 328 749 206 906 346 104 415 680 187 220 255 122 51 231 536 897 727 782 113 947 206 566 738 733 891 
547 399 669 818 623 164 859 960 509 365 351 949 25 197 264 678 581 500 285 422 802 200 287 968 674 379 733 455 956 967 829 154 902 240 70 212 878 160 900 594 582 365 49 368 156 68 99 554 145 319 303 423 257 348 915 905 684 562 217 471 532 334 601 729 566 886 824 253 606 618 418 217 153 725 701 451 402 372 820 111 770 205 698 976 370 449 378 633 566 240 13 689 385 319 341 863 462 630 91 525 
599 63 627 495 55 314 599 374 472 554 946 583 359 675 87 563 150 661 58 523 885 946 125 544 318 593 647 299 47 898 462 502 572 556 361 385 464 105 533 83 1 112 323 14 581 291 159 108 702 454 251 385 537 337 675 787 970 822 528 782 29 81 430 957 599 52 314 180 877 28 115 483 451 434 494 849 212 520 178 354 251 72 770 806 580 97 80 821 379 635 508 988 748 542 41 451 87 107 658 636 
39485 40164 37292 36928 32846 
1106 1486 689 927 1604 1422 1672 1492 969 412 1186 1305 1673 358 1160 759 510 170 1011 690 916 1219 459 932 509 906 1628 1426 837 958 1510 585 1233 845 1111 463 798 1316 1357 892 498 1183 948 1256 1082 1482 731 1005 841 561 1210 388 1171 1247 696 298 972 1162 385 1006 627 713 1058 465 685 1013 1152 929 787 374 1334 997 715 830 1377 1308 740 1669 1098 773 744 983 845 977 1659 1120 1023 1220 1427 885 920 1239 1735 711 1216 695 1388 1558 492 1518 
1172 1096 838 549 1343 852 1508 989 641 962 1057 938 1522 617 654 738 227 186 819 633 933 827 169 933 547 929 1438 986 857 916 922 696 720 1091 733 482 928 1226 773 1090 450 958 1025 693 1241 1067 715 705 505 342 981 259 842 1308 301 668 808 1353 518 845 941 936 426 136 381 1057 758 803 594 421 813 898 621 686 1054 927 874 687 1122 224 536 885 916 406 1032 875 604 1206 882 992 986 1197 1001 643 1051 509 1239 741 639 1106 
709 1296 606 946 1238 532 1227 510 590 807 880 1088 1415 492 792 900 463 382 780 1010 773 945 396 1084 590 760 1284 1237 1046 454 663 757 974 776 883 746 757 1043 460 1311 683 807 795 1101 788 1269 781 817 635 396 933 396 809 1312 330 237 917 996 875 651 1046 764 670 277 434 876 884 642 673 819 930 1237 897 913 938 890 795 924 1143 570 959 1271 477 599 1193 727 1141 809 835 617 1095 577 1042 1073 894 504 1109 1001 673 595 
465 823 19 277 545 748 595 750 122 0 261 304 821 27 493 42 -237 -191 485 128 448 550 -562 193 95 346 1191 617 308 225 443 12 511 342 163 13 -188 452 226 222 105 751 385 449 501 837 44 92 122 -609 608 -289 380 771 8 -544 258 647 -91 198 166 225 172 -485 -108 247 440 110 -311 -422 457 387 -202 200 643 243 88 850 347 1 -375 288 238 58 613 267 61 675 443 428 334 297 696 102 650 -362 599 851 -355 730 
216 618 278 -1 468 -137 615 431 -21 235 317 622 855 -104 171 132 -336 -75 477 256 649 343 -167 379 -182 -30 686 362 -71 367 540 307 182 273 -30 142 126 546 326 605 242 710 146 -13 346 607 212 -22 -28 -143 564 -233 236 516 -276 -73 279 522 -273 221 664 133 225 -130 -227 476 230 169 -320 -191 620 -26 -111 241 505 546 407 552 556 -437 101 374 -6 97 671 206 327 345 583 220 584 440 646 219 669 137 635 218 -23 502 
-9 342 -214 -280 887 -218 858 -24 -49 -181 -121 295 771 294 333 317 -77 -56 462 -128 -271 484 -202 -231 -116 -91 554 636 -59 -71 304 392 -40 -18 642 430 479 386 -248 349 498 582 439 502 415 832 301 -172 -159 -66 539 -73 -58 544 -224 -181 -88 -96 -177 -234 292 485 -7 -466 -151 318 379 531 -217 -53 -24 335 -97 491 412 532 351 313 600 -68 -236 -1 -206 -187 856 581 387 471 559 368 -68 -156 -73 672 536 -130 528 502 -250 -270 
100 5 
356 787 241 469 507 6 152 603 384 715 832 370 725 95 75 433 914 945 71 91 810 95 162 52 140 386 645 75 11 992 440 508 252 589 769 906 603 569 636 15 516 696 122 196 618 956 977 831 418 683 510 151 245 96 197 657 88 346 453 416 595 566 308 398 715 429 741 141 447 389 948 139 173 113 901 97 59 896 496 339 229 254 173 397 945 573 999 754 828 145 403 804 802 38 324 906 344 98 365 100 
98 162 286 976 819 245 467 978 31 619 56 453 106 467 948 676 399 351 24 607 528 928 86 143 201 89 482 336 595 653 441 785 777 767 828 748 628 637 171 510 455 244 521 589 130 626 315 909 567 62 936 401 445 103 920 409 296 511 820 984 405 182 897 803 110 661 724 369 867 329 724 205 418 236 266 852 396 66 346 854 503 521 607 7 83 342 143 651 990 975 51 67 29 732 485 298 889 948 871 206 
581 89 968 879 409 474 877 569 320 853 241 577 970 889 652 753 497 812 661 219 355 34 863 720 508 152 317 254 73 915 837 315 604 484 797 956 315 952 681 988 799 80 559 677 125 510 665 191 63 946 432 75 632 887 456 71 433 18 864 191 22 659 702 440 784 579 5 628 728 308 213 581 353 342 150 666 66 303 212 25 638 440 778 178 460 80 470 400 645 937 192 6 801 692 58 14 56 933 438 928 
873 526 987 972 444 493 293 520 521 605 607 184 933 485 609 401 416 107 289 747 71 246 723 362 337 174 401 691 836 371 609 263 142 544 489 777 163 886 323 359 385 632 600 515 372 770 966 614 243 41 41 1 887 849 707 763 495 376 275 49 629 749 550 505 94 104 721 765 75 369 170 840 258 480 689 90 4 783 481 763 317 833 526 345 590 73 286 553 306 219 128 119 722 115 726 438 457 903 353 463 
70 357 888 458 373 124 344 901 357 972 610 167 183 620 592 579 459 815 430 613 971 734 456 389 652 620 655 383 127 212 570 247 52 691 894 13 593 653 782 396 510 584 705 914 89 114 991 263 791 467 465 429 89 834 658 268 42 73 450 730 170 488 532 21 244 547 660 377 23 338 427 712 95 364 942 932 913 210 522 341 201 148 544 27 428 615 184 618 764 618 119 409 511 995 607 377 886 292 555 262 
33727 36339 36746 35213 35615 
556 125 736 557 301 6 111 16 704 952 408 492 163 938 315 949 670 1000 457 816 357 495 916 852 614 161 60 382 373 570 182 934 129 542 767 964 896 350 178 557 975 70 226 356 404 79 833 616 575 987 340 794 321 337 580 920 425 170 955 581 739 622 473 789 946 499 666 546 630 997 462 750 841 795 2 522 778 42 714 645 855 396 768 392 141 544 847 263 325 227 765 128 10 973 162 743 208 223 981 143 
413 794 494 821 348 961 63 962 799 242 352 337 111 559 889 595 914 576 312 323 153 888 287 627 888 634 424 365 374 85 650 265 711 204 816 595 111 707 774 138 687 131 279 775 191 217 181 750 890 776 484 655 662 662 995 248 718 321 533 391 81 253 879 540 959 118 989 781 678 787 424 721 623 833 986 141 66 983 449 654 458 675 515 718 486 881 726 386 796 229 398 335 624 283 182 589 153 945 272 849 
907 447 158 840 440 413 75 682 936 933 753 47 488 649 475 88 464 50 485 672 254 171 548 202 227 673 888 176 82 811 292 522 717 592 235 398 519 987 937 12 599 414 362 818 998 654 32 469 618 781 944 499 860 216 499 695 231 776 121 703 876 260 938 643 746 967 360 630 46 555 818 52 6 331 24 328 749 206 906 346 104 415 680 187 220 255 122 51 231 536 897 727 782 113 947 206 566 738 733 891 
547 399 669 818 623 164 859 960 509 365 351 949 25 197 264 678 581 500 285 422 802 200 287 968 674 379 733 455 956 967 829 154 902 240 70 212 878 160 900 594 582 365 49 368 156 68 99 554 145 319 303 423 257 348 915 905 684 562 217 471 532 334 601 729 566 886 824 253 606 618 418 217 153 725 701 451 402 372 820 111 770 205 698 976 370 449 378 633 566 240 13 689 385 319 341 863 462 630 91 525 
599 63 627 495 55 314 599 374 472 554 946 583 359 675 87 563 150 661 58 523 885 946 125 544 318 593 647 299 47 898 462 502 572 556 361 385 464 105 533 83 1 112 323 14 581 291 159 108 702 454 251 385 537 337 675 787 970 822 528 782 29 81 430 957 599 52 314 180 877 28 115 483 451 434 494 849 212 520 178 354 251 72 770 806 580 97 80 821 379 635 508 988 748 542 41 451 87 107 658 636 
39485 40164 37292 36928 32846 
715 1115 826 922 1207 1245 1276 1555 707 482 1117 903 1488 308 1246 612 585 292 660 422 893 908 651 475 424 823 1147 1024 675 993 1473 290 930 949 1055 452 542 1220 1412 671 311 1094 965 1142 731 1349 988 867 693 585 906 197 883 960 706 240 659 758 431 806 282 688 1061 610 522 955 910 709 817 154 1141 694 404 354 1253 1080 412 1427 645 915 561 738 654 757 1290 738 585 1212 1330 1080 295 983 1526 460 1098 620 1201 1412 442 1193 
879 822 1073 641 1043 772 1210 1149 477 1130 1085 634 1435 664 837 689 399 405 565 463 1007 613 459 574 559 944 1055 681 792 1048 983 498 514 1293 774 568 769 1227 925 967 361 966 1140 677 988 1031 1069 664 455 463 774 166 652 1118 408 708 592 1046 661 742 693 1009 527 378 315 1096 614 681 721 298 717 693 407 307 1027 796 643 542 766 464 450 738 822 283 760 590 263 1295 883 1284 458 1038 889 490 1030 532 1150 692 687 878 
301 908 726 924 823 337 814 555 311 860 793 669 1213 425 861 736 520 486 412 725 733 616 570 610 488 660 785 817 866 471 609 445 653 863 809 718 483 929 497 1073 479 700 794 970 419 1118 1020 661 470 403 611 188 504 1008 322 162 587 574 903 432 683 722 656 403 253 800 625 405 685 582 719 917 568 419 796 644 449 664 672 694 758 1009 268 361 807 327 686 783 721 794 452 303 816 805 758 411 905 837 606 253 
196 575 205 394 270 694 321 935 133 192 315 24 759 25 701 93 110 52 257 133 547 361 -247 8 132 387 833 338 269 383 528 -160 330 569 229 51 -322 478 404 124 41 784 525 458 273 827 423 77 97 -462 427 -357 215 606 66 -479 68 366 77 119 93 324 298 -218 1 312 321 13 -159 -519 386 207 -391 -153 641 137 32 731 17 191 -436 165 170 35 366 7 -253 789 469 746 -168 164 610 124 654 -315 535 827 -282 527 
-52 370 539 200 194 -192 342 616 -159 427 371 342 793 -31 380 108 -139 253 249 111 748 154 147 45 -145 95 328 82 -26 525 626 135 -39 500 -6 254 -7 573 504 507 179 744 286 80 117 596 591 -38 -53 -38 382 -301 71 352 -144 75 88 241 -104 143 442 232 351 137 -268 540 112 72 -168 -288 550 -206 -300 -113 503 440 201 433 225 -172 -1 252 -75 -41 424 -53 -30 459 609 538 82 306 560 91 673 184 571 194 49 299 
-190 -104 330 -76 612 -186 584 -36 -187 295 217 -182 709 367 541 293 -77 472 233 -186 -85 295 397 -281 -78 -51 -1 356 -12 -111 390 219 -221 208 708 542 345 413 214 252 434 616 579 511 -10 822 680 -100 -97 -117 357 -141 -136 379 -92 -30 -279 -92 276 -28 -127 583 -79 -199 -192 382 261 434 -65 -63 -7 -42 -1 -60 410 426 -52 -4 269 196 -13 -36 -188 -284 609 321 -125 585 586 685 -286 -290 -72 545 540 202 464 478 -90 -188 